-0.42575
-0.44280
-0.47434
-0.49236
-0.48270
-0.47337
-0.47369
-0.47015
-0.47337
-0.48721
-0.48946
-0.48914
-0.48946
-0.48978
-0.48817
-0.49525
-0.49622
-0.50105
-0.50491
-0.50845
-0.51231
-0.51134
-0.52003
-0.52743
-0.53291
-0.53226
-0.52261
-0.52550
-0.53194
-0.53870
-0.53805
-0.55093
-0.56155
-0.57538
-0.60081
-0.68254
-0.49075
-0.46565
-0.48431
-0.51553
-0.52454
-0.52808
-0.52808
-0.52389
-0.52164
-0.52679
-0.53644
-0.54546
-0.54932
-0.56830
-0.56927
-0.56798
-0.56412
-0.56573
-0.57570
-0.58568
-0.59244
-0.59083
-0.58729
-0.58343
-0.57538
-0.57731
-0.57828
-0.57603
-0.57410
-0.55736
-0.55607
-0.55382
-0.55414
-0.55479
-0.56090
-0.56122
-0.57313
-0.58407
-0.59984
-0.62816
-0.63009
-0.64167
-0.63942
-0.61625
-0.58536
-0.55350
-0.53580
-0.43508
-0.43186
-0.44634
-0.47820
-0.53741
-0.62816
-0.65648
-0.63588
-0.62204
-0.58150
-0.54739
-0.53548
-0.53065
-0.51456
-0.49171
-0.48657
-0.51746
-0.64167
-0.71344
-0.74336
-0.65744
-0.62462
-0.61368
-0.69155
-0.25905
-0.33049
-0.42703
-0.47788
-0.49944
-0.49976
-0.51295
-0.53001
-0.53484
-0.53065
-0.51907
-0.52035
-0.51231
-0.51134
-0.50974
-0.50555
-0.49204
-0.45889
-0.45085
-0.43830
-0.43443
-0.44087
-0.44537
-0.42896
-0.41641
-0.40901
-0.39163
-0.38069
-0.37941
-0.37393
-0.37747
-0.39324
-0.39421
-0.41094
-0.40933
-0.40451
-0.38327
-0.36428
-0.34916
-0.34175
-0.32695
-0.30378
-0.26645
-0.22301
-0.19179
-0.17699
-0.17442
-0.18150
-0.19373
-0.20241
-0.20821
-0.19759
-0.19276
-0.18858
-0.19147
-0.20241
-0.20885
-0.21947
-0.23234
-0.23749
-0.25680
-0.28512
-0.32373
-0.36332
-0.40965
-0.45921
-0.45020
-0.49397
-0.51907
-0.52743
-0.53805
-0.54031
-0.54674
-0.54803
-0.56219
-0.58182
-0.59373
-0.59887
-0.59887
-0.60274
-0.59662
-0.60113
-0.61014
-0.61915
-0.62494
-0.62752
-0.62784
-0.63266
-0.64875
-0.66420
-0.67707
-0.68962
-0.69896
-0.69702
-0.70056
-0.70764
-0.71730
-0.71118
-0.71859
-0.72470
-0.72760
-0.74562
-0.76428
-0.76943
-0.77876
-0.79389
-0.81159
-0.80901
-0.85278
-0.93677
-0.98085
-0.62140
-0.66002
-0.72888
-0.64843
-0.85117
-0.86854
-0.85503
-0.80676
-0.74336
-0.70475
-0.69188
-0.67965
-0.67643
-0.67739
-0.67385
-0.66935
-0.67128
-0.68351
-0.68608
-0.68383
-0.68126
-0.67257
-0.66742
-0.66066
-0.65487
-0.65036
-0.64489
-0.64779
-0.64747
-0.66130
-0.68319
-0.70056
-0.70475
-0.70539
-0.69799
-0.68834
-0.68126
-0.66806
-0.65873
-0.63781
-0.63331
-0.62301
-0.61432
-0.61722
-0.62912
-0.63813
-0.64264
-0.63556
-0.62462
-0.61722
-0.60949
-0.60595
-0.60016
-0.60467
-0.59791
-0.59630
-0.60048
-0.61432
-0.61303
-0.60306
-0.59501
-0.58632
-0.58150
-0.57570
-0.57249
-0.56991
-0.56637
-0.56541
-0.56541
-0.57023
-0.58826
-0.60338
-0.63492
-0.71537
-0.59566
-0.48914
-0.53194
-0.55929
-0.56315
-0.55093
-0.54513
-0.54546
-0.55189
-0.56605
-0.57603
-0.57249
-0.57152
-0.55318
-0.54449
-0.52647
-0.51231
-0.46050
-0.36171
-0.33918
-0.48335
-0.48592
-0.59533
-0.62623
-0.59405
-0.56605
-0.54546
-0.53065
-0.52389
-0.52486
-0.53387
-0.53773
-0.54031
-0.54674
-0.54095
-0.54095
-0.53484
-0.53226
-0.54031
-0.55221
-0.55286
-0.55286
-0.55994
-0.59855
-0.61496
-0.53580
-0.78809
-0.80000
-0.74047
-0.29799
-0.25583
-0.41770
-0.48431
-0.46887
-0.46919
-0.46404
-0.47949
-0.47498
-0.46822
-0.47337
-0.48399
-0.48850
-0.49429
-0.49075
-0.50330
-0.50974
-0.51070
-0.49075
-0.47820
-0.47241
-0.36428
-0.41738
-0.54031
-0.57474
-0.53033
-0.51521
-0.50877
-0.49493
-0.48657
-0.47627
-0.46887
-0.47144
-0.47015
-0.48045
-0.49525
-0.50491
-0.51263
-0.51714
-0.50426
-0.51006
-0.51199
-0.50780
-0.50523
-0.49043
-0.47080
-0.46179
-0.46211
-0.46661
-0.48045
-0.49204
-0.49976
-0.49686
-0.47788
-0.48431
-0.46500
-0.45117
-0.45825
-0.46565
-0.46468
-0.46147
-0.46082
-0.47273
-0.47369
-0.47369
-0.47402
-0.47820
-0.48689
-0.49461
-0.49558
-0.49332
-0.48592
-0.47691
-0.47273
-0.47273
-0.47273
-0.47241
-0.47369
-0.47305
-0.47530
-0.48367
-0.49236
-0.49493
-0.49525
-0.48850
-0.47852
-0.47369
-0.47176
-0.47273
-0.47208
-0.47369
-0.47337
-0.47369
-0.47949
-0.49043
-0.49268
-0.49912
-0.49461
-0.48367
-0.47530
-0.46822
-0.46114
-0.46597
-0.45535
-0.45664
-0.44891
-0.44634
-0.44956
-0.46018
-0.46114
-0.46114
-0.45439
-0.44505
-0.43797
-0.44441
-0.45117
-0.46147
-0.46468
-0.46758
-0.47595
-0.48978
-0.51006
-0.52550
-0.54192
-0.53548
-0.53838
-0.52357
-0.48817
-0.45632
-0.44184
-0.44473
-0.44312
-0.45213
-0.46147
-0.46983
-0.46854
-0.46114
-0.43282
-0.42446
-0.37780
-0.40579
-0.52615
-0.55897
-0.51617
-0.51585
-0.51553
-0.50780
-0.52389
-0.54352
-0.57892
-0.62108
-0.56412
-0.48142
-0.91456
-0.88978
-0.28415
-0.04087
-0.16830
-0.23974
-0.42027
-0.56219
-0.60821
-0.56058
-0.51263
-0.48882
-0.48206
-0.49171
-0.50877
-0.52229
-0.53162
-0.54127
-0.55479
-0.55543
-0.58536
-0.63620
-0.70861
-0.77812
-0.69220
-0.46082
-0.49268
-0.69413
-0.64650
-0.65648
-0.59405
-0.51617
-0.47015
-0.45857
-0.42800
-0.41287
-0.40612
-0.40354
-0.40451
-0.39743
-0.39743
-0.41416
-0.42317
-0.43926
-0.45149
-0.46243
-0.46468
-0.47691
-0.49139
-0.49525
-0.49815
-0.49751
-0.49879
-0.49332
-0.50266
-0.51456
-0.51746
-0.51585
-0.51649
-0.52132
-0.52389
-0.53419
-0.54159
-0.53838
-0.53065
-0.51907
-0.51134
-0.50362
-0.50877
-0.50330
-0.50330
-0.50394
-0.50105
-0.51070
-0.52100
-0.53709
-0.54610
-0.54996
-0.55060
-0.54513
-0.54320
-0.54771
-0.56219
-0.57345
-0.58439
-0.58021
-0.57603
-0.58407
-0.57860
-0.56959
-0.56895
-0.56637
-0.53741
-0.49493
-0.49429
-0.47305
-0.47176
-0.47466
-0.47949
-0.48335
-0.49365
-0.50201
-0.52583
-0.54546
-0.55897
-0.54224
-0.51971
-0.44859
-0.43025
-0.56122
-0.45406
-0.53709
-0.56766
-0.58085
-0.59566
-0.60370
-0.58890
-0.56766
-0.54513
-0.52357
-0.51649
-0.51842
-0.52132
-0.52679
-0.51714
-0.50266
-0.47884
-0.47080
-0.47981
-0.48689
-0.50233
-0.51263
-0.52261
-0.53966
-0.55929
-0.55897
-0.55897
-0.55414
-0.54288
-0.53612
-0.53709
-0.54385
-0.55028
-0.54642
-0.54127
-0.54352
-0.53998
-0.54449
-0.54610
-0.54835
-0.55125
-0.54964
-0.55575
-0.56476
-0.58053
-0.58922
-0.58922
-0.58375
-0.56541
-0.54224
-0.52164
-0.51006
-0.51038
-0.50459
-0.50491
-0.51006
-0.51424
-0.51842
-0.52357
-0.52679
-0.52389
-0.52003
-0.51424
-0.50652
-0.51006
-0.50105
-0.50394
-0.49847
-0.47723
-0.46951
-0.47884
-0.49397
-0.50620
-0.50974
-0.51134
-0.50845
-0.51875
-0.52261
-0.51167
-0.47788
-0.43701
-0.32695
-0.37426
-0.51263
-0.62784
-0.64714
-0.62912
-0.59179
-0.56315
-0.54803
-0.54031
-0.54803
-0.55447
-0.55318
-0.56058
-0.60177
-0.54610
-0.71569
-0.50105
-0.28994
-0.27031
-0.19855
-0.37973
-0.43540
-0.45374
-0.46661
-0.45793
-0.45857
-0.45857
-0.45857
-0.47466
-0.49654
-0.50748
-0.51070
-0.50716
-0.50072
-0.48946
-0.49171
-0.50169
-0.51006
-0.51553
-0.52486
-0.54192
-0.55189
-0.54385
-0.51295
-0.47595
-0.47434
-0.44280
-0.44216
-0.45406
-0.46372
-0.46661
-0.45857
-0.46018
-0.45632
-0.46468
-0.47916
-0.49558
-0.50201
-0.51038
-0.50330
-0.49879
-0.49912
-0.49171
-0.49171
-0.47981
-0.47369
-0.47369
-0.46500
-0.46758
-0.47208
-0.47369
-0.47788
-0.47788
-0.47466
-0.48110
-0.48463
-0.47981
-0.48592
-0.48914
-0.48850
-0.49236
-0.49622
-0.50040
-0.49976
-0.51714
-0.52486
-0.52003
-0.51746
-0.52132
-0.53516
-0.55286
-0.57860
-0.61625
-0.61786
-0.68093
-0.76782
-0.60692
-0.48496
-0.63942
-0.68222
-0.67611
-0.68287
-0.61336
-0.52003
-0.44859
-0.41480
-0.39839
-0.39067
-0.38842
-0.39710
-0.40901
-0.41802
-0.42896
-0.42414
-0.42575
-0.44312
-0.47434
-0.49236
-0.48270
-0.47369
-0.47369
-0.47144
-0.47466
-0.48785
-0.48882
-0.48721
-0.48817
-0.48850
-0.48817
-0.49461
-0.49879
-0.50072
-0.50555
-0.50813
-0.51263
-0.51295
-0.52100
-0.52808
-0.53194
-0.53130
-0.52229
-0.52357
-0.53194
-0.53838
-0.53805
-0.55093
-0.56219
-0.57603
-0.60274
-0.68319
-0.48978
-0.46372
-0.48335
-0.51360
-0.52422
-0.52808
-0.52840
-0.52196
-0.52261
-0.52647
-0.53580
-0.54513
-0.55060
-0.56863
-0.56895
-0.56637
-0.56348
-0.56412
-0.57570
-0.58600
-0.59244
-0.58858
-0.58665
-0.58246
-0.57538
-0.57892
-0.57957
-0.57570
-0.57152
-0.55607
-0.55447
-0.55221
-0.55447
-0.55511
-0.56122
-0.56283
-0.57345
-0.58375
-0.60177
-0.62848
-0.62977
-0.64264
-0.63749
-0.61303
-0.58472
-0.55254
-0.53516
-0.43443
-0.43765
-0.44634
-0.47820
-0.53838
-0.62912
-0.65680
-0.63653
-0.61271
-0.57989
-0.54610
-0.53516
-0.53033
-0.51392
-0.49139
-0.49075
-0.51810
-0.64264
-0.71537
-0.74401
-0.65712
-0.62398
-0.61207
-0.69027
-0.25776
-0.33146
-0.42735
-0.47756
-0.49847
-0.49944
-0.51328
-0.53194
-0.53612
-0.53001
-0.51842
-0.52100
-0.51102
-0.50974
-0.51006
-0.50555
-0.49107
-0.45825
-0.44602
-0.43765
-0.43476
-0.44151
-0.44505
-0.42832
-0.41577
-0.40451
-0.39002
-0.38005
-0.37908
-0.37393
-0.37683
-0.39196
-0.39389
-0.41062
-0.41062
-0.40451
-0.38295
-0.36267
-0.34787
-0.34111
-0.32695
-0.30314
-0.26484
-0.22237
-0.19244
-0.17474
-0.17410
-0.18246
-0.19469
-0.20241
-0.20756
-0.19566
-0.19308
-0.18793
-0.19115
-0.20274
-0.20885
-0.21915
-0.23234
-0.24232
-0.25776
-0.28576
-0.32373
-0.36299
-0.40869
-0.45760
-0.45696
-0.49332
-0.51907
-0.52679
-0.53805
-0.53966
-0.54642
-0.54867
-0.56283
-0.58343
-0.59276
-0.59823
-0.59791
-0.60048
-0.59630
-0.60145
-0.61110
-0.61850
-0.62591
-0.62784
-0.62848
-0.63363
-0.64972
-0.66484
-0.67707
-0.68769
-0.69735
-0.69767
-0.70089
-0.70797
-0.71665
-0.71151
-0.71826
-0.72470
-0.73210
-0.74723
-0.76460
-0.76911
-0.77747
-0.79228
-0.81159
-0.80869
-0.85245
-0.93645
-0.97667
-0.62076
-0.65937
-0.72888
-0.64908
-0.85181
-0.86854
-0.84312
-0.80451
-0.74015
-0.70378
-0.69027
-0.67997
-0.67611
-0.67772
-0.67418
-0.66903
-0.67289
-0.68447
-0.68640
-0.68351
-0.67933
-0.67031
-0.66710
-0.66002
-0.65455
-0.64908
-0.64296
-0.64650
-0.64618
-0.66066
-0.68383
-0.70153
-0.70443
-0.70507
-0.69542
-0.68640
-0.67997
-0.66871
-0.65873
-0.63717
-0.63105
-0.62237
-0.61561
-0.61883
-0.62945
-0.63846
-0.64039
-0.63427
-0.62430
-0.61625
-0.60917
-0.60595
-0.59952
-0.60499
-0.59759
-0.59727
-0.60177
-0.61496
-0.61336
-0.60370
-0.59308
-0.58407
-0.57989
-0.57603
-0.57345
-0.56959
-0.56669
-0.56444
-0.56509
-0.57088
-0.59051
-0.60402
-0.63556
-0.71440
-0.54706
-0.48817
-0.53130
-0.55961
-0.56380
-0.55093
-0.54578
-0.54739
-0.55350
-0.56830
-0.57860
-0.57345
-0.57152
-0.55286
-0.54256
-0.52550
-0.51360
-0.45986
-0.36235
-0.33886
-0.48206
-0.48657
-0.59694
-0.62687
-0.59437
-0.56605
-0.54546
-0.53033
-0.52389
-0.52486
-0.53387
-0.53677
-0.54063
-0.54739
-0.53870
-0.54192
-0.53709
-0.53355
-0.54063
-0.55157
-0.55189
-0.55575
-0.56058
-0.59887
-0.61496
-0.53709
-0.78777
-0.80032
-0.63942
-0.29992
-0.25776
-0.42060
-0.48367
-0.46790
-0.46790
-0.46275
-0.47981
-0.47498
-0.46758
-0.47434
-0.48463
-0.49011
-0.49590
-0.49204
-0.50330
-0.50845
-0.51006
-0.48978
-0.47627
-0.47305
-0.36428
-0.41834
-0.54063
-0.57538
-0.53130
-0.50909
-0.51167
-0.49654
-0.48721
-0.47595
-0.46822
-0.47112
-0.47273
-0.48045
-0.49558
-0.50587
-0.51328
-0.51746
-0.50587
-0.51038
-0.51167
-0.50845
-0.50459
-0.48914
-0.46951
-0.46050
-0.46082
-0.46661
-0.48045
-0.49171
-0.50008
-0.49751
-0.47852
-0.48592
-0.46468
-0.45213
-0.45567
-0.46340
-0.46340
-0.46050
-0.45953
-0.47273
-0.47208
-0.47337
-0.47369
-0.47820
-0.48850
-0.49365
-0.49461
-0.49268
-0.48367
-0.47627
-0.47241
-0.47208
-0.47241
-0.47208
-0.47337
-0.47337
-0.47595
-0.48463
-0.49300
-0.49558
-0.49429
-0.48753
-0.47788
-0.47273
-0.47305
-0.47305
-0.47208
-0.47305
-0.47369
-0.47498
-0.48142
-0.49139
-0.49236
-0.49976
-0.49397
-0.48206
-0.47466
-0.46854
-0.46179
-0.46694
-0.45503
-0.45632
-0.44859
-0.44666
-0.45149
-0.46179
-0.46179
-0.46082
-0.45278
-0.44473
-0.43830
-0.44505
-0.45020
-0.46211
-0.46500
-0.46822
-0.47756
-0.49171
-0.51134
-0.52583
-0.54127
-0.53709
-0.53677
-0.52261
-0.48753
-0.45632
-0.44216
-0.44505
-0.44280
-0.45342
-0.46436
-0.47208
-0.47048
-0.46114
-0.43282
-0.42381
-0.37844
-0.40708
-0.52743
-0.55929
-0.51714
-0.51649
-0.51682
-0.51006
-0.52615
-0.54417
-0.58021
-0.61979
-0.54449
-0.48110
-0.91424
-0.89043
-0.28415
-0.04087
-0.16927
-0.29123
-0.42221
-0.56476
-0.60982
-0.56155
-0.51263
-0.48785
-0.48270
-0.49139
-0.51006
-0.52261
-0.53291
-0.54192
-0.55607
-0.55672
-0.58858
-0.63942
-0.70990
-0.78005
-0.69316
-0.46018
-0.49268
-0.69477
-0.64779
-0.65583
-0.59501
-0.51746
-0.45889
-0.46114
-0.43154
-0.41609
-0.40676
-0.40386
-0.40451
-0.40000
-0.39871
-0.41480
-0.42478
-0.44119
-0.45406
-0.46436
-0.46790
-0.48045
-0.49525
-0.49590
-0.49879
-0.49815
-0.49783
-0.49332
-0.50459
-0.51714
-0.52003
-0.51778
-0.51810
-0.52293
-0.52776
-0.53741
-0.54352
-0.54063
-0.53194
-0.51875
-0.51263
-0.50684
-0.51199
-0.50652
-0.50587
-0.50587
-0.50459
-0.51521
-0.52454
-0.54063
-0.54835
-0.55189
-0.55125
-0.54706
-0.54835
-0.55060
-0.56573
-0.57570
-0.58761
-0.58246
-0.57989
-0.58665
-0.58311
-0.57377
-0.57249
-0.56734
-0.53998
-0.49686
-0.49751
-0.47659
-0.47562
-0.47756
-0.48238
-0.48785
-0.49912
-0.50748
-0.52969
-0.54771
-0.56187
-0.54352
-0.52196
-0.43411
-0.43347
-0.56476
-0.45760
-0.54031
-0.56991
-0.58536
-0.60241
-0.60756
-0.59212
-0.56991
-0.54706
-0.52550
-0.52003
-0.52229
-0.52518
-0.52937
-0.52003
-0.50523
-0.48303
-0.47595
-0.48335
-0.48914
-0.50426
-0.51456
-0.52389
-0.54127
-0.56219
-0.56187
-0.56219
-0.55672
-0.54642
-0.53998
-0.54224
-0.54835
-0.55350
-0.54867
-0.54288
-0.54449
-0.54224
-0.54739
-0.54964
-0.55125
-0.55286
-0.55189
-0.55865
-0.56830
-0.58472
-0.59244
-0.59276
-0.58504
-0.56766
-0.54417
-0.52422
-0.51167
-0.51038
-0.50587
-0.50716
-0.51102
-0.51682
-0.52261
-0.52647
-0.52840
-0.52454
-0.52003
-0.51424
-0.50652
-0.51134
-0.50298
-0.50523
-0.49976
-0.47916
-0.47144
-0.48142
-0.49686
-0.51006
-0.51070
-0.51070
-0.50780
-0.51907
-0.52486
-0.51263
-0.46404
-0.43862
-0.32856
-0.37587
-0.51553
-0.63202
-0.64908
-0.62140
-0.59276
-0.56283
-0.54900
-0.54159
-0.54964
-0.55575
-0.55575
-0.56283
-0.60274
-0.53516
-0.71891
-0.50330
-0.29252
-0.27031
-0.19727
-0.37876
-0.43508
-0.45471
-0.46758
-0.45921
-0.45889
-0.45921
-0.46050
-0.47723
-0.49944
-0.50813
-0.51167
-0.50555
-0.49944
-0.48817
-0.49043
-0.50137
-0.51070
-0.51842
-0.52518
-0.54288
-0.55447
-0.54674
-0.51553
-0.47691
-0.46951
-0.44184
-0.44312
-0.45567
-0.46468
-0.46629
-0.45921
-0.46114
-0.45696
-0.46694
-0.48174
-0.49879
-0.50394
-0.51167
-0.50362
-0.49751
-0.49879
-0.49236
-0.49236
-0.48045
-0.47402
-0.47402
-0.46661
-0.47080
-0.47434
-0.47402
-0.47884
-0.48013
-0.47402
-0.48045
-0.48528
-0.48077
-0.48657
-0.48914
-0.48946
-0.49332
-0.49815
-0.50266
-0.50169
-0.51842
-0.52422
-0.51939
-0.51714
-0.52229
-0.53580
-0.55382
-0.57924
-0.61690
-0.61818
-0.68287
-0.77072
-0.60563
-0.48624
-0.63910
-0.68158
-0.67450
-0.68287
-0.61303
-0.51971
-0.44891
-0.41545
-0.39421
-0.39292
-0.39196
-0.39936
-0.41030
-0.41899
-0.42800
-0.42607
-0.42510
-0.44280
-0.47434
-0.49268
-0.48367
-0.47402
-0.47241
-0.47402
-0.47756
-0.48978
-0.48946
-0.48721
-0.48721
-0.48785
-0.48882
-0.49429
-0.50137
-0.50233
-0.50620
-0.50877
-0.51488
-0.51553
-0.52261
-0.53065
-0.53194
-0.53065
-0.52132
-0.52325
-0.53194
-0.53838
-0.53902
-0.55189
-0.56155
-0.57796
-0.60499
-0.68512
-0.49171
-0.46500
-0.48270
-0.51231
-0.52293
-0.52808
-0.52937
-0.52229
-0.52293
-0.52743
-0.53773
-0.54835
-0.55350
-0.57056
-0.57152
-0.56669
-0.56122
-0.56380
-0.57538
-0.58568
-0.59147
-0.58793
-0.58697
-0.58343
-0.57699
-0.58150
-0.58182
-0.57603
-0.56991
-0.55447
-0.55350
-0.55093
-0.55511
-0.55543
-0.56122
-0.56187
-0.57345
-0.58504
-0.60467
-0.63041
-0.63009
-0.64264
-0.63620
-0.61207
-0.58407
-0.55350
-0.53516
-0.43476
-0.44280
-0.44634
-0.47884
-0.54095
-0.63073
-0.65873
-0.63781
-0.60338
-0.57828
-0.54578
-0.53580
-0.53065
-0.51456
-0.49268
-0.49622
-0.51907
-0.64425
-0.71891
-0.74594
-0.65809
-0.62494
-0.62237
-0.68930
-0.25744
-0.33242
-0.42703
-0.47820
-0.49976
-0.50040
-0.51521
-0.53387
-0.53934
-0.53162
-0.51842
-0.52132
-0.50941
-0.50974
-0.51038
-0.50523
-0.49171
-0.45825
-0.44151
-0.43830
-0.43636
-0.44409
-0.44537
-0.42896
-0.41416
-0.40129
-0.38874
-0.37941
-0.37844
-0.37393
-0.37715
-0.39324
-0.39678
-0.41223
-0.41319
-0.40644
-0.38230
-0.36203
-0.34626
-0.33950
-0.32502
-0.30346
-0.26484
-0.22333
-0.19244
-0.17442
-0.17506
-0.18407
-0.19501
-0.20209
-0.20724
-0.19405
-0.19308
-0.18665
-0.19115
-0.20241
-0.20821
-0.21883
-0.23202
-0.24650
-0.25905
-0.28737
-0.32341
-0.36299
-0.40708
-0.45535
-0.46629
-0.49332
-0.51842
-0.52615
-0.53838
-0.53870
-0.54546
-0.54964
-0.56412
-0.58311
-0.59179
-0.59662
-0.59566
-0.59823
-0.59469
-0.60048
-0.60982
-0.61818
-0.62526
-0.62687
-0.62912
-0.63685
-0.65133
-0.66484
-0.67643
-0.68608
-0.69445
-0.69992
-0.70024
-0.70829
-0.71730
-0.71183
-0.71794
-0.72534
-0.73468
-0.74980
-0.76492
-0.76879
-0.77554
-0.78938
-0.81030
-0.81802
-0.85278
-0.93612
-0.97184
-0.62172
-0.65970
-0.73017
-0.65165
-0.85310
-0.86983
-0.83218
-0.80386
-0.74047
-0.70378
-0.69091
-0.68029
-0.67643
-0.67675
-0.67450
-0.67192
-0.67579
-0.68673
-0.68737
-0.68287
-0.67900
-0.66999
-0.66645
-0.66098
-0.65551
-0.65004
-0.64489
-0.64843
-0.64875
-0.66517
-0.68640
-0.70378
-0.70507
-0.70603
-0.69381
-0.68801
-0.68222
-0.67031
-0.65970
-0.63717
-0.62912
-0.62430
-0.61786
-0.62204
-0.63202
-0.63974
-0.64200
-0.63331
-0.62398
-0.61657
-0.61078
-0.60724
-0.60145
-0.60563
-0.59855
-0.59855
-0.60628
-0.61818
-0.61496
-0.60467
-0.59276
-0.58343
-0.58053
-0.57635
-0.57570
-0.57088
-0.56798
-0.56605
-0.56637
-0.57570
-0.59308
-0.60595
-0.63524
-0.71472
-0.49976
-0.48785
-0.53291
-0.56058
-0.56509
-0.55189
-0.54771
-0.54964
-0.55543
-0.57056
-0.57957
-0.57442
-0.57056
-0.55189
-0.53902
-0.52550
-0.51392
-0.45986
-0.36267
-0.33982
-0.48303
-0.48882
-0.60048
-0.63009
-0.59501
-0.56637
-0.54417
-0.52872
-0.52261
-0.52550
-0.53516
-0.53773
-0.54192
-0.54835
-0.53966
-0.54449
-0.53902
-0.53484
-0.54063
-0.54996
-0.55028
-0.56026
-0.56155
-0.59887
-0.61561
-0.53709
-0.78906
-0.80000
-0.53773
-0.30249
-0.25937
-0.42060
-0.48238
-0.46597
-0.46694
-0.46500
-0.48045
-0.47466
-0.46694
-0.47402
-0.48496
-0.49043
-0.49879
-0.49429
-0.50362
-0.50780
-0.50813
-0.48785
-0.47498
-0.47273
-0.36525
-0.41867
-0.54095
-0.57603
-0.53162
-0.50459
-0.51295
-0.49654
-0.48721
-0.47337
-0.46500
-0.46983
-0.47627
-0.48013
-0.49461
-0.50555
-0.51295
-0.51778
-0.50652
-0.51102
-0.51360
-0.50845
-0.50298
-0.48689
-0.46758
-0.45921
-0.46147
-0.46661
-0.48013
-0.49236
-0.50040
-0.49879
-0.48110
-0.48689
-0.46597
-0.45085
-0.45599
-0.46211
-0.46211
-0.46147
-0.45953
-0.47208
-0.47273
-0.47337
-0.47337
-0.48013
-0.48978
-0.49429
-0.49461
-0.48946
-0.48174
-0.47369
-0.47112
-0.47144
-0.47112
-0.47208
-0.47337
-0.47305
-0.47691
-0.48657
-0.49461
-0.49525
-0.49204
-0.48399
-0.47562
-0.47176
-0.47144
-0.47208
-0.47208
-0.47273
-0.47241
-0.47530
-0.48335
-0.49204
-0.49236
-0.49751
-0.49107
-0.47916
-0.47176
-0.46758
-0.46018
-0.46500
-0.45471
-0.45471
-0.44795
-0.44795
-0.45213
-0.46018
-0.46050
-0.45921
-0.44988
-0.44216
-0.43765
-0.44344
-0.44924
-0.46050
-0.46565
-0.46790
-0.47723
-0.49397
-0.51134
-0.52518
-0.53934
-0.53612
-0.53451
-0.52100
-0.48689
-0.45567
-0.43990
-0.44377
-0.44409
-0.45342
-0.46597
-0.47241
-0.46919
-0.45953
-0.43057
-0.42060
-0.37587
-0.40676
-0.52743
-0.55865
-0.51649
-0.51456
-0.51521
-0.51167
-0.52679
-0.54352
-0.57796
-0.61690
-0.52229
-0.47852
-0.91328
-0.88882
-0.28222
-0.03894
-0.16734
-0.33982
-0.42156
-0.56509
-0.60885
-0.55994
-0.50974
-0.48399
-0.48270
-0.48882
-0.50780
-0.52068
-0.53001
-0.53998
-0.55350
-0.55801
-0.58858
-0.63749
-0.70861
-0.77715
-0.68962
-0.45696
-0.48978
-0.69316
-0.64586
-0.65197
-0.59469
-0.51553
-0.45503
-0.46147
-0.43057
-0.41319
-0.40547
-0.40032
-0.40032
-0.40000
-0.39710
-0.41384
-0.42349
-0.43894
-0.45117
-0.46114
-0.46887
-0.48045
-0.49332
-0.49461
-0.49558
-0.49397
-0.49622
-0.49429
-0.50330
-0.51585
-0.51875
-0.51649
-0.51682
-0.52229
-0.52840
-0.53709
-0.54224
-0.53838
-0.52711
-0.51553
-0.51038
-0.50394
-0.50941
-0.50394
-0.50491
-0.50426
-0.50266
-0.51585
-0.52454
-0.53902
-0.54546
-0.54706
-0.54706
-0.54449
-0.54835
-0.54867
-0.56315
-0.57410
-0.58600
-0.58053
-0.57860
-0.58278
-0.58118
-0.57056
-0.56863
-0.56315
-0.53612
-0.49332
-0.49365
-0.47337
-0.47241
-0.47402
-0.47949
-0.48560
-0.49815
-0.50587
-0.52583
-0.54449
-0.55640
-0.53805
-0.51810
-0.42896
-0.42961
-0.56090
-0.45406
-0.53805
-0.56798
-0.58472
-0.60241
-0.60531
-0.58858
-0.56541
-0.54095
-0.52164
-0.51649
-0.52068
-0.52196
-0.52743
-0.51746
-0.50266
-0.48206
-0.47562
-0.48335
-0.48785
-0.50040
-0.51038
-0.52035
-0.53902
-0.55994
-0.56090
-0.56090
-0.55511
-0.54352
-0.53870
-0.54224
-0.54706
-0.55157
-0.54610
-0.53934
-0.54063
-0.53998
-0.54513
-0.54771
-0.54932
-0.55221
-0.54964
-0.55704
-0.56927
-0.58568
-0.59179
-0.59115
-0.58214
-0.56348
-0.54192
-0.52293
-0.51199
-0.50716
-0.50523
-0.50555
-0.50941
-0.51714
-0.52325
-0.52615
-0.52711
-0.52196
-0.51617
-0.51199
-0.50523
-0.51070
-0.50201
-0.50459
-0.49847
-0.47756
-0.47144
-0.48335
-0.49751
-0.51038
-0.50877
-0.50845
-0.50491
-0.51714
-0.52357
-0.51038
-0.44763
-0.43669
-0.32727
-0.37587
-0.51714
-0.63299
-0.64875
-0.61175
-0.59019
-0.55994
-0.54706
-0.54095
-0.54835
-0.55447
-0.55543
-0.56090
-0.60113
-0.52100
-0.71955
-0.50362
-0.29155
-0.26838
-0.19501
-0.37683
-0.43379
-0.45406
-0.46694
-0.45825
-0.45857
-0.45825
-0.46147
-0.47820
-0.49944
-0.50813
-0.51102
-0.50298
-0.49654
-0.48689
-0.49107
-0.50040
-0.50909
-0.52100
-0.52422
-0.54320
-0.55607
-0.54803
-0.51456
-0.47562
-0.46082
-0.43830
-0.44023
-0.45406
-0.46340
-0.46533
-0.45760
-0.46018
-0.45535
-0.46629
-0.48303
-0.49815
-0.50233
-0.50780
-0.50008
-0.49525
-0.49783
-0.49139
-0.49011
-0.47916
-0.47208
-0.47208
-0.46597
-0.47176
-0.47466
-0.47337
-0.47562
-0.47916
-0.47048
-0.47788
-0.48335
-0.47884
-0.48399
-0.48817
-0.48914
-0.49171
-0.49847
-0.50330
-0.50040
-0.51682
-0.52100
-0.51521
-0.51360
-0.52035
-0.53323
-0.55157
-0.57699
-0.61496
-0.61625
-0.68190
-0.76943
-0.60113
-0.48431
-0.63524
-0.67739
-0.67160
-0.68029
-0.61110
-0.51714
-0.44698
-0.41287
-0.38906
-0.39131
-0.39196
-0.39839
-0.40837
-0.41577
-0.42446
-0.42381
-0.42124
-0.44055
-0.47208
-0.49107
-0.48174
-0.47176
-0.47048
-0.47369
-0.47595
-0.48721
-0.48721
-0.48367
-0.48335
-0.48399
-0.48624
-0.49300
-0.50105
-0.49976
-0.50459
-0.50748
-0.51392
-0.51488
-0.52164
-0.52937
-0.52776
-0.52583
-0.51842
-0.52132
-0.53065
-0.53709
-0.53966
-0.55060
-0.56026
-0.57860
-0.60499
-0.68544
-0.49043
-0.46243
-0.47949
-0.50813
-0.52003
-0.52711
-0.52776
-0.52132
-0.52196
-0.52615
-0.53644
-0.54835
-0.55382
-0.56863
-0.57056
-0.56315
-0.55801
-0.56219
-0.57474
-0.58536
-0.59051
-0.58536
-0.58600
-0.58214
-0.57667
-0.58182
-0.58085
-0.57603
-0.56573
-0.55221
-0.55093
-0.54900
-0.55414
-0.55382
-0.56122
-0.56251
-0.57249
-0.58568
-0.60563
-0.63170
-0.62945
-0.64103
-0.63395
-0.60885
-0.58182
-0.55254
-0.53419
-0.43411
-0.44280
-0.44602
-0.47820
-0.54224
-0.63202
-0.65744
-0.63588
-0.59179
-0.57506
-0.54352
-0.53419
-0.53001
-0.51328
-0.49204
-0.50137
-0.51746
-0.64425
-0.72019
-0.74465
-0.65712
-0.62204
-0.69123
-0.68737
-0.25648
-0.33210
-0.42735
-0.47756
-0.49912
-0.49944
-0.51585
-0.53644
-0.54063
-0.53097
-0.51649
-0.51939
-0.50652
-0.50716
-0.51038
-0.50459
-0.49171
-0.45793
-0.43797
-0.43894
-0.43862
-0.44537
-0.44537
-0.42832
-0.41223
-0.39710
-0.38842
-0.37973
-0.37908
-0.37426
-0.37747
-0.39260
-0.40032
-0.41352
-0.41513
-0.40644
-0.38327
-0.36074
-0.34401
-0.33693
-0.32566
-0.30314
-0.26420
-0.22301
-0.19244
-0.17442
-0.17667
-0.18729
-0.19662
-0.20241
-0.20628
-0.19244
-0.19019
-0.18504
-0.19115
-0.20274
-0.20821
-0.21883
-0.23202
-0.25133
-0.26098
-0.28898
-0.32309
-0.36235
-0.40547
-0.45213
-0.47530
-0.49397
-0.51875
-0.52583
-0.53741
-0.53966
-0.54546
-0.55318
-0.56734
-0.58439
-0.59276
-0.59630
-0.59308
-0.59759
-0.59437
-0.60016
-0.61014
-0.61818
-0.62558
-0.62752
-0.63009
-0.63781
-0.65294
-0.66484
-0.67418
-0.68447
-0.69284
-0.69928
-0.69992
-0.70797
-0.71633
-0.71215
-0.71826
-0.72534
-0.73789
-0.75109
-0.76525
-0.76879
-0.77426
-0.78777
-0.80933
-0.82671
-0.85181
-0.93516
-0.96959
-0.62044
-0.65937
-0.73146
-0.66420
-0.85342
-0.86919
-0.81995
-0.80129
-0.73854
-0.70217
-0.69091
-0.67965
-0.67643
-0.67546
-0.67385
-0.67257
-0.67772
-0.68866
-0.68640
-0.68158
-0.67643
-0.66645
-0.66452
-0.66098
-0.65519
-0.65004
-0.64393
-0.64682
-0.64843
-0.66645
-0.68769
-0.70346
-0.70378
-0.70314
-0.69220
-0.68576
-0.68029
-0.66871
-0.65809
-0.63685
-0.62462
-0.62172
-0.61754
-0.62269
-0.63170
-0.63878
-0.63749
-0.62880
-0.62076
-0.61529
-0.60949
-0.60499
-0.59952
-0.60402
-0.59694
-0.59952
-0.60660
-0.61818
-0.61496
-0.60241
-0.59019
-0.58053
-0.57860
-0.57603
-0.57538
-0.56959
-0.56605
-0.56444
-0.56669
-0.57603
-0.59340
-0.60467
-0.63427
-0.71183
-0.48753
-0.48592
-0.53258
-0.55929
-0.56315
-0.55093
-0.54610
-0.54996
-0.55640
-0.57217
-0.57989
-0.57345
-0.56863
-0.54932
-0.53484
-0.52518
-0.51392
-0.45921
-0.36203
-0.33982
-0.48238
-0.51199
-0.60113
-0.63073
-0.59469
-0.56380
-0.54192
-0.52615
-0.52164
-0.52454
-0.53387
-0.53677
-0.54063
-0.54803
-0.53966
-0.54642
-0.54063
-0.53451
-0.54031
-0.54835
-0.54674
-0.56251
-0.56090
-0.59887
-0.61432
-0.53709
-0.78745
-0.80032
-0.43733
-0.30346
-0.25905
-0.41963
-0.48077
-0.46340
-0.46533
-0.46822
-0.47916
-0.47498
-0.46790
-0.47434
-0.48496
-0.49107
-0.49944
-0.49461
-0.50330
-0.50523
-0.50491
-0.48463
-0.47369
-0.47176
-0.36364
-0.41706
-0.54127
-0.57474
-0.53258
-0.50426
-0.51424
-0.49654
-0.48689
-0.47241
-0.46307
-0.46951
-0.47852
-0.48013
-0.49493
-0.50491
-0.51231
-0.51778
-0.50780
-0.51102
-0.51295
-0.50748
-0.50072
-0.48463
-0.46629
-0.45953
-0.46243
-0.46629
-0.47949
-0.49236
-0.50008
-0.49976
-0.48399
-0.48882
-0.46565
-0.45020
-0.45503
-0.45921
-0.46114
-0.46050
-0.45986
-0.47305
-0.47241
-0.47402
-0.47498
-0.48270
-0.49139
-0.49461
-0.49429
-0.48882
-0.47981
-0.47337
-0.47176
-0.47176
-0.47208
-0.47337
-0.47273
-0.47337
-0.47820
-0.48817
-0.49429
-0.49461
-0.49043
-0.48238
-0.47498
-0.47048
-0.47112
-0.47144
-0.47176
-0.47273
-0.47273
-0.47595
-0.48528
-0.49300
-0.49268
-0.49686
-0.48882
-0.47659
-0.47112
-0.46758
-0.46018
-0.46500
-0.45471
-0.45535
-0.44988
-0.45085
-0.45406
-0.46082
-0.46082
-0.45664
-0.44795
-0.44119
-0.43765
-0.44377
-0.44988
-0.46114
-0.46822
-0.46726
-0.47949
-0.49558
-0.51199
-0.52518
-0.53709
-0.53644
-0.53355
-0.52196
-0.48721
-0.45471
-0.44151
-0.44441
-0.44602
-0.45406
-0.46758
-0.47498
-0.46983
-0.45889
-0.42832
-0.41513
-0.37458
-0.40644
-0.52840
-0.55833
-0.51649
-0.51521
-0.51714
-0.51328
-0.52904
-0.54288
-0.57828
-0.61561
-0.52132
-0.47820
-0.91328
-0.88946
-0.28029
-0.04055
-0.16830
-0.39131
-0.42381
-0.56766
-0.61014
-0.56058
-0.50845
-0.48238
-0.48560
-0.48882
-0.50877
-0.52132
-0.53162
-0.54063
-0.55447
-0.56380
-0.59083
-0.64039
-0.70990
-0.77587
-0.68737
-0.45535
-0.48882
-0.69316
-0.64618
-0.65004
-0.59373
-0.51649
-0.45632
-0.46372
-0.43315
-0.41416
-0.40451
-0.39839
-0.39775
-0.39936
-0.39646
-0.41223
-0.42317
-0.43926
-0.45181
-0.46211
-0.47241
-0.48206
-0.49397
-0.49493
-0.49429
-0.49236
-0.49429
-0.49622
-0.50298
-0.51488
-0.51907
-0.51585
-0.51553
-0.52293
-0.53033
-0.53741
-0.54127
-0.53677
-0.52647
-0.51231
-0.50813
-0.50330
-0.50845
-0.50362
-0.50394
-0.50298
-0.50266
-0.51682
-0.52550
-0.53805
-0.54513
-0.54481
-0.54385
-0.54159
-0.54835
-0.54706
-0.56187
-0.57313
-0.58407
-0.57989
-0.57957
-0.58053
-0.58085
-0.57056
-0.56573
-0.55929
-0.53291
-0.49300
-0.48657
-0.47241
-0.47176
-0.47208
-0.47852
-0.48624
-0.49944
-0.50555
-0.52583
-0.54192
-0.55382
-0.53580
-0.51585
-0.42832
-0.42961
-0.56026
-0.45374
-0.53709
-0.56766
-0.58600
-0.60338
-0.60435
-0.58761
-0.56251
-0.53741
-0.51939
-0.51617
-0.51971
-0.52132
-0.52550
-0.51553
-0.50137
-0.48270
-0.47627
-0.48335
-0.48560
-0.49815
-0.50716
-0.51810
-0.53741
-0.55961
-0.55961
-0.55994
-0.55318
-0.54288
-0.53902
-0.54385
-0.54674
-0.55093
-0.54417
-0.53580
-0.53677
-0.53741
-0.54352
-0.54674
-0.54835
-0.55125
-0.54900
-0.55704
-0.56959
-0.58600
-0.59147
-0.58954
-0.57924
-0.55961
-0.53902
-0.52164
-0.50941
-0.50394
-0.50459
-0.50426
-0.50877
-0.51875
-0.52518
-0.52550
-0.52583
-0.51875
-0.51295
-0.50941
-0.50394
-0.50941
-0.50072
-0.50330
-0.49783
-0.47723
-0.47176
-0.48367
-0.49815
-0.50909
-0.50652
-0.50491
-0.50298
-0.51617
-0.52261
-0.51070
-0.44087
-0.43701
-0.32695
-0.37522
-0.51842
-0.63331
-0.64811
-0.60145
-0.58729
-0.55672
-0.54513
-0.53966
-0.54739
-0.55414
-0.55640
-0.56026
-0.60177
-0.52293
-0.72245
-0.50426
-0.29188
-0.25455
-0.19244
-0.37522
-0.43443
-0.45374
-0.46597
-0.45793
-0.45857
-0.45857
-0.46243
-0.48077
-0.49976
-0.50748
-0.50909
-0.50201
-0.49461
-0.48463
-0.48978
-0.50040
-0.50877
-0.52325
-0.52357
-0.54352
-0.55736
-0.54867
-0.51488
-0.47562
-0.45535
-0.43540
-0.43926
-0.45471
-0.46275
-0.46597
-0.45664
-0.45857
-0.45567
-0.46790
-0.48431
-0.49783
-0.50266
-0.50587
-0.49751
-0.49493
-0.49719
-0.49171
-0.48914
-0.47916
-0.47241
-0.47241
-0.46726
-0.47402
-0.47595
-0.47337
-0.47466
-0.47820
-0.46919
-0.47691
-0.48367
-0.47916
-0.48496
-0.48850
-0.49043
-0.49332
-0.50137
-0.50555
-0.50008
-0.51617
-0.51875
-0.51521
-0.51328
-0.52035
-0.53355
-0.55189
-0.57699
-0.61625
-0.62784
-0.68447
-0.77265
-0.59823
-0.48431
-0.63427
-0.67579
-0.67096
-0.68061
-0.61239
-0.51714
-0.44827
-0.41416
-0.38874
-0.39356
-0.39421
-0.40064
-0.40965
-0.41577
-0.42285
-0.42639
-0.42188
-0.44216
-0.47337
-0.49204
-0.48206
-0.47208
-0.47080
-0.47723
-0.47852
-0.48785
-0.48817
-0.48206
-0.48174
-0.48335
-0.48785
-0.49365
-0.50298
-0.50137
-0.50426
-0.50716
-0.51714
-0.51778
-0.52164
-0.53162
-0.52743
-0.52357
-0.51682
-0.52100
-0.53065
-0.53741
-0.54288
-0.55060
-0.56090
-0.57989
-0.60853
-0.68640
-0.49107
-0.46436
-0.47788
-0.50813
-0.52132
-0.52711
-0.52776
-0.52132
-0.52196
-0.52679
-0.53805
-0.55157
-0.55511
-0.56991
-0.56991
-0.56187
-0.55672
-0.56090
-0.57474
-0.58568
-0.59083
-0.58536
-0.58600
-0.58311
-0.57957
-0.58407
-0.58150
-0.57570
-0.56187
-0.54964
-0.54996
-0.55028
-0.55479
-0.55479
-0.56155
-0.56541
-0.57345
-0.58632
-0.60949
-0.63202
-0.63041
-0.64007
-0.63202
-0.60853
-0.58214
-0.55157
-0.53451
-0.43476
-0.44344
-0.44634
-0.47981
-0.54417
-0.63427
-0.65776
-0.63524
-0.58472
-0.57281
-0.54352
-0.53451
-0.53065
-0.51392
-0.49204
-0.50716
-0.51842
-0.64747
-0.72245
-0.74626
-0.65809
-0.62076
-0.76171
-0.68737
-0.25648
-0.33339
-0.42671
-0.47723
-0.50008
-0.50137
-0.51714
-0.53773
-0.54256
-0.53065
-0.51617
-0.51585
-0.50587
-0.50780
-0.50974
-0.50555
-0.49171
-0.45825
-0.43765
-0.44023
-0.44055
-0.44666
-0.44570
-0.42735
-0.41094
-0.39292
-0.38713
-0.38005
-0.37876
-0.37393
-0.37715
-0.39228
-0.40258
-0.41609
-0.41609
-0.40708
-0.38198
-0.35881
-0.34079
-0.33371
-0.32502
-0.30346
-0.26291
-0.22237
-0.19147
-0.17410
-0.17699
-0.18825
-0.19759
-0.20241
-0.20435
-0.18986
-0.18858
-0.18439
-0.19115
-0.20241
-0.20885
-0.21979
-0.23073
-0.25519
-0.26356
-0.29059
-0.32470
-0.36074
-0.40354
-0.44988
-0.48431
-0.49300
-0.51810
-0.52583
-0.53805
-0.53934
-0.54610
-0.55768
-0.56927
-0.58504
-0.59276
-0.59373
-0.59147
-0.59662
-0.59533
-0.60145
-0.61014
-0.61915
-0.62558
-0.62719
-0.63170
-0.64071
-0.65390
-0.66452
-0.67225
-0.68254
-0.69155
-0.70056
-0.70056
-0.70829
-0.71698
-0.71151
-0.71794
-0.72695
-0.74175
-0.75237
-0.76492
-0.76782
-0.77200
-0.78584
-0.80740
-0.83636
-0.85213
-0.93645
-0.96959
-0.62108
-0.65970
-0.73435
-0.68801
-0.85342
-0.86887
-0.81062
-0.79839
-0.73693
-0.70249
-0.69091
-0.67965
-0.67643
-0.67450
-0.67385
-0.67289
-0.67933
-0.68866
-0.68769
-0.68093
-0.67450
-0.66549
-0.66388
-0.66098
-0.65487
-0.65068
-0.64489
-0.64747
-0.65004
-0.66903
-0.68962
-0.70346
-0.70314
-0.70121
-0.68930
-0.68383
-0.68158
-0.66903
-0.66002
-0.63749
-0.62526
-0.62430
-0.62076
-0.62526
-0.63266
-0.63910
-0.63685
-0.62687
-0.62076
-0.61561
-0.60982
-0.60531
-0.60081
-0.60467
-0.59759
-0.60081
-0.60821
-0.62011
-0.61496
-0.60081
-0.58858
-0.57957
-0.57828
-0.57635
-0.57699
-0.57120
-0.56734
-0.56541
-0.56766
-0.57892
-0.59630
-0.60595
-0.63459
-0.71022
-0.48592
-0.48560
-0.53258
-0.56058
-0.56412
-0.55189
-0.54578
-0.55254
-0.55929
-0.57506
-0.58053
-0.57442
-0.56702
-0.54835
-0.53194
-0.52647
-0.51392
-0.46018
-0.36332
-0.33982
-0.48399
-0.53644
-0.60467
-0.63202
-0.59533
-0.56283
-0.54095
-0.52583
-0.52229
-0.52615
-0.53484
-0.53741
-0.54127
-0.54835
-0.54159
-0.54996
-0.54288
-0.53484
-0.54063
-0.54706
-0.54610
-0.56219
-0.56122
-0.60016
-0.61593
-0.54095
-0.78938
-0.80193
-0.33854
-0.30571
-0.26002
-0.42060
-0.47949
-0.46211
-0.46500
-0.47337
-0.48045
-0.47595
-0.46887
-0.47466
-0.48528
-0.49397
-0.50008
-0.49590
-0.50394
-0.50362
-0.50394
-0.48399
-0.47498
-0.47434
-0.36492
-0.41931
-0.54288
-0.57603
-0.53451
-0.50780
-0.51649
-0.49686
-0.48689
-0.47144
-0.46082
-0.46854
-0.48110
-0.48013
-0.49493
-0.50652
-0.51392
-0.51907
-0.51102
-0.51134
-0.51456
-0.50813
-0.50008
-0.48238
-0.46661
-0.46050
-0.46468
-0.46629
-0.48174
-0.49300
-0.50040
-0.50169
-0.48592
-0.48657
-0.46597
-0.44827
-0.45310
-0.45889
-0.46114
-0.46114
-0.45986
-0.47337
-0.47305
-0.47402
-0.47723
-0.48560
-0.49365
-0.49525
-0.49365
-0.48657
-0.47788
-0.47208
-0.47208
-0.47241
-0.47241
-0.47273
-0.47305
-0.47402
-0.48110
-0.49075
-0.49461
-0.49429
-0.48850
-0.48077
-0.47273
-0.47112
-0.47176
-0.47176
-0.47337
-0.47273
-0.47337
-0.47723
-0.48817
-0.49397
-0.49268
-0.49558
-0.48528
-0.47595
-0.47080
-0.46919
-0.46082
-0.46565
-0.45503
-0.45406
-0.45085
-0.45278
-0.45503
-0.46179
-0.45986
-0.45471
-0.44602
-0.44055
-0.43765
-0.44441
-0.45085
-0.46082
-0.46822
-0.46919
-0.48238
-0.49783
-0.51328
-0.52518
-0.53516
-0.53612
-0.53258
-0.52229
-0.48721
-0.45632
-0.44216
-0.44537
-0.44763
-0.45632
-0.47015
-0.47562
-0.46951
-0.45696
-0.42671
-0.40612
-0.37458
-0.40676
-0.52969
-0.55929
-0.51714
-0.51585
-0.51875
-0.51649
-0.53065
-0.54288
-0.57731
-0.61432
-0.51939
-0.47691
-0.91360
-0.88817
-0.27579
-0.03990
-0.16798
-0.41352
-0.42703
-0.56959
-0.61014
-0.55994
-0.50652
-0.47949
-0.48592
-0.48946
-0.50877
-0.52035
-0.53001
-0.53998
-0.55414
-0.57088
-0.59308
-0.64039
-0.70957
-0.77426
-0.68544
-0.45471
-0.53226
-0.69252
-0.64521
-0.64779
-0.59437
-0.51585
-0.45728
-0.46629
-0.43379
-0.41287
-0.40418
-0.39614
-0.39550
-0.39871
-0.39710
-0.41352
-0.42317
-0.43958
-0.45149
-0.46275
-0.47627
-0.48399
-0.49429
-0.49429
-0.49139
-0.48946
-0.49268
-0.49879
-0.50330
-0.51521
-0.51939
-0.51649
-0.51649
-0.52583
-0.53451
-0.53934
-0.54224
-0.53548
-0.52454
-0.51295
-0.50813
-0.50426
-0.50845
-0.50426
-0.50491
-0.50362
-0.50426
-0.51971
-0.52776
-0.53838
-0.54481
-0.54352
-0.54320
-0.54192
-0.55093
-0.54803
-0.56283
-0.57345
-0.58536
-0.58118
-0.58182
-0.58053
-0.58182
-0.57023
-0.56444
-0.55801
-0.53291
-0.49397
-0.48238
-0.47337
-0.47241
-0.47241
-0.47949
-0.48817
-0.50266
-0.51006
-0.52679
-0.54095
-0.55125
-0.53484
-0.51649
-0.42864
-0.42896
-0.56090
-0.45374
-0.53870
-0.56991
-0.58890
-0.60563
-0.60402
-0.58729
-0.55994
-0.53644
-0.51907
-0.51746
-0.52196
-0.52196
-0.52647
-0.51649
-0.50330
-0.48496
-0.47852
-0.48431
-0.48624
-0.49590
-0.50426
-0.51746
-0.53805
-0.55929
-0.56026
-0.55994
-0.55414
-0.54352
-0.54192
-0.54610
-0.54771
-0.55157
-0.54288
-0.53451
-0.53580
-0.53838
-0.54481
-0.54739
-0.54835
-0.55189
-0.54996
-0.55833
-0.57377
-0.58729
-0.59308
-0.58890
-0.57796
-0.55801
-0.53838
-0.52196
-0.51006
-0.50298
-0.50523
-0.50426
-0.51006
-0.52229
-0.52711
-0.52679
-0.52454
-0.51842
-0.51102
-0.50877
-0.50362
-0.50941
-0.50072
-0.50330
-0.49847
-0.47820
-0.47466
-0.48689
-0.49976
-0.50909
-0.50555
-0.50298
-0.50266
-0.51617
-0.52357
-0.51102
-0.44119
-0.43765
-0.32760
-0.37715
-0.52357
-0.63556
-0.64940
-0.59244
-0.58600
-0.55511
-0.54481
-0.53998
-0.54803
-0.55511
-0.55865
-0.56122
-0.60402
-0.52647
-0.72502
-0.50394
-0.29155
-0.23942
-0.19051
-0.37490
-0.43604
-0.45439
-0.46661
-0.45889
-0.45986
-0.45857
-0.46533
-0.48270
-0.50105
-0.50780
-0.50780
-0.49815
-0.49332
-0.48560
-0.49011
-0.50105
-0.51006
-0.52454
-0.52454
-0.54449
-0.56058
-0.55093
-0.51521
-0.47402
-0.44859
-0.43411
-0.43862
-0.45471
-0.46340
-0.46629
-0.45793
-0.45825
-0.45728
-0.47241
-0.48785
-0.49879
-0.50233
-0.50459
-0.49686
-0.49236
-0.49815
-0.49171
-0.49043
-0.48013
-0.47273
-0.47305
-0.47144
-0.47595
-0.47723
-0.47369
-0.47305
-0.47498
-0.46854
-0.47788
-0.48367
-0.48142
-0.48560
-0.48882
-0.49204
-0.49558
-0.50426
-0.50587
-0.50072
-0.51585
-0.51778
-0.51521
-0.51199
-0.52164
-0.53355
-0.55318
-0.57764
-0.61625
-0.64167
-0.68801
-0.77554
-0.59823
-0.48463
-0.63266
-0.67353
-0.67192
-0.68061
-0.61271
-0.51682
-0.44891
-0.41416
-0.39035
-0.39614
-0.39775
-0.40193
-0.40965
-0.41384
-0.42092
-0.42542
-0.42188
-0.44280
-0.47337
-0.49268
-0.48335
-0.47337
-0.47080
-0.47981
-0.48110
-0.48850
-0.48657
-0.48013
-0.47981
-0.48238
-0.48817
-0.49429
-0.50298
-0.50201
-0.50491
-0.50941
-0.51907
-0.52035
-0.52325
-0.53258
-0.52486
-0.52196
-0.51617
-0.52261
-0.53130
-0.53805
-0.54706
-0.55189
-0.56155
-0.58311
-0.61142
-0.68705
-0.49107
-0.46661
-0.47530
-0.50587
-0.52100
-0.52776
-0.52776
-0.52229
-0.52261
-0.52615
-0.53934
-0.55479
-0.55704
-0.57023
-0.56927
-0.56026
-0.55447
-0.55994
-0.57474
-0.58568
-0.59179
-0.58439
-0.58665
-0.58472
-0.58278
-0.58729
-0.58182
-0.57506
-0.55768
-0.54739
-0.54867
-0.55028
-0.55414
-0.55447
-0.56122
-0.56766
-0.57410
-0.58954
-0.61175
-0.63331
-0.62977
-0.63813
-0.62655
-0.60660
-0.58085
-0.55093
-0.53387
-0.43508
-0.44344
-0.44634
-0.48077
-0.54706
-0.63524
-0.65776
-0.63427
-0.58214
-0.57088
-0.54159
-0.53451
-0.52969
-0.51360
-0.49204
-0.51167
-0.51907
-0.64908
-0.72309
-0.74562
-0.65712
-0.61786
-0.83154
-0.68544
-0.25680
-0.33307
-0.42735
-0.47723
-0.49976
-0.50394
-0.51971
-0.53998
-0.54256
-0.53097
-0.51392
-0.51360
-0.50426
-0.50748
-0.50974
-0.50587
-0.49236
-0.45986
-0.43765
-0.44184
-0.44344
-0.44859
-0.44570
-0.42607
-0.40772
-0.39067
-0.38616
-0.38005
-0.37876
-0.37426
-0.37715
-0.39260
-0.40869
-0.41899
-0.41931
-0.40772
-0.38198
-0.35688
-0.33821
-0.33146
-0.32566
-0.30346
-0.26356
-0.22365
-0.19308
-0.17570
-0.18150
-0.19147
-0.19855
-0.20274
-0.20338
-0.18761
-0.18761
-0.18504
-0.19083
-0.20209
-0.20885
-0.21947
-0.23138
-0.25744
-0.26613
-0.29220
-0.32406
-0.36010
-0.40097
-0.44827
-0.49397
-0.49397
-0.51842
-0.52647
-0.53805
-0.54031
-0.54803
-0.56187
-0.57120
-0.58472
-0.59179
-0.59212
-0.58858
-0.59533
-0.59759
-0.60113
-0.60949
-0.61979
-0.62526
-0.62784
-0.63363
-0.64328
-0.65390
-0.66388
-0.66999
-0.67933
-0.68962
-0.69992
-0.69960
-0.70732
-0.71665
-0.71022
-0.71730
-0.72760
-0.74401
-0.75366
-0.76525
-0.76686
-0.76975
-0.78327
-0.80676
-0.84505
-0.85213
-0.93580
-0.96991
-0.62108
-0.66130
-0.73661
-0.70990
-0.85406
-0.86854
-0.80933
-0.79614
-0.73628
-0.70282
-0.69059
-0.67965
-0.67772
-0.67385
-0.67418
-0.67579
-0.68222
-0.68962
-0.68769
-0.67868
-0.67321
-0.66484
-0.66452
-0.66066
-0.65422
-0.65036
-0.64457
-0.64618
-0.65133
-0.67096
-0.69027
-0.70410
-0.70153
-0.69928
-0.68737
-0.68383
-0.68126
-0.66903
-0.65937
-0.63781
-0.62526
-0.62526
-0.62398
-0.62752
-0.63299
-0.63813
-0.63556
-0.62462
-0.61947
-0.61625
-0.61014
-0.60660
-0.60048
-0.60499
-0.59727
-0.60338
-0.61175
-0.61979
-0.61400
-0.59952
-0.58600
-0.57796
-0.57828
-0.57667
-0.57635
-0.57088
-0.56734
-0.56541
-0.57088
-0.58182
-0.59759
-0.60628
-0.63331
-0.70797
-0.48399
-0.48496
-0.53291
-0.56155
-0.56412
-0.55254
-0.54642
-0.55382
-0.56219
-0.57667
-0.58053
-0.57442
-0.56509
-0.54417
-0.52743
-0.52615
-0.51392
-0.46018
-0.36332
-0.34015
-0.48335
-0.56058
-0.60692
-0.63234
-0.59437
-0.56155
-0.53709
-0.52357
-0.52196
-0.52518
-0.53451
-0.53805
-0.54159
-0.54835
-0.54385
-0.55189
-0.54449
-0.53548
-0.53870
-0.54449
-0.54385
-0.56219
-0.56122
-0.59920
-0.61529
-0.54417
-0.78906
-0.80290
-0.30603
-0.30829
-0.26002
-0.41963
-0.47723
-0.45921
-0.46372
-0.47691
-0.48013
-0.47595
-0.46822
-0.47498
-0.48528
-0.49622
-0.49879
-0.49686
-0.50394
-0.50105
-0.50137
-0.48335
-0.47434
-0.45696
-0.36492
-0.41963
-0.54352
-0.57570
-0.53677
-0.51134
-0.51746
-0.49783
-0.48496
-0.46919
-0.45921
-0.46822
-0.48045
-0.48110
-0.49686
-0.50684
-0.51199
-0.52035
-0.51392
-0.51263
-0.51456
-0.50845
-0.49815
-0.48045
-0.46533
-0.46050
-0.46661
-0.46726
-0.48077
-0.49268
-0.50169
-0.50426
-0.48850
-0.48206
-0.46597
-0.44698
-0.45117
-0.45728
-0.46147
-0.46147
-0.46114
-0.47369
-0.47337
-0.47498
-0.47820
-0.48850
-0.49493
-0.49622
-0.49268
-0.48399
-0.47595
-0.47241
-0.47208
-0.47273
-0.47305
-0.47402
-0.47402
-0.47659
-0.48367
-0.49332
-0.49493
-0.49429
-0.48753
-0.47788
-0.47305
-0.47273
-0.47208
-0.47273
-0.47369
-0.47273
-0.47434
-0.48077
-0.49043
-0.49461
-0.49300
-0.49332
-0.48142
-0.47530
-0.47176
-0.46919
-0.46114
-0.46565
-0.45599
-0.45374
-0.45310
-0.45696
-0.45632
-0.46147
-0.45728
-0.45310
-0.44441
-0.44087
-0.43765
-0.44441
-0.45117
-0.46179
-0.46790
-0.47048
-0.48560
-0.50040
-0.51392
-0.52486
-0.53419
-0.53419
-0.53226
-0.52325
-0.48785
-0.45728
-0.44216
-0.44505
-0.45117
-0.46018
-0.47305
-0.47627
-0.46983
-0.45567
-0.42414
-0.39710
-0.37522
-0.40676
-0.52937
-0.55961
-0.51746
-0.51585
-0.51907
-0.51939
-0.53291
-0.54449
-0.57635
-0.61207
-0.51778
-0.47659
-0.91392
-0.88914
-0.27192
-0.04087
-0.16895
-0.41480
-0.43057
-0.57184
-0.61110
-0.55865
-0.50362
-0.47756
-0.48721
-0.48914
-0.50909
-0.52100
-0.53258
-0.54095
-0.55640
-0.57989
-0.59630
-0.64200
-0.70990
-0.77233
-0.68222
-0.45342
-0.58665
-0.69381
-0.64586
-0.64843
-0.59533
-0.51682
-0.46050
-0.46694
-0.43572
-0.41416
-0.40386
-0.39389
-0.39356
-0.39775
-0.39678
-0.41319
-0.42349
-0.44055
-0.45181
-0.46404
-0.47981
-0.48528
-0.49429
-0.49236
-0.48914
-0.48689
-0.49139
-0.50040
-0.50201
-0.51521
-0.51907
-0.51585
-0.51682
-0.52776
-0.53773
-0.53838
-0.54095
-0.53291
-0.52068
-0.51006
-0.50845
-0.50491
-0.50845
-0.50394
-0.50298
-0.50266
-0.50684
-0.52196
-0.52808
-0.53805
-0.54127
-0.53934
-0.54063
-0.54031
-0.54932
-0.54674
-0.56251
-0.57345
-0.58472
-0.58214
-0.58504
-0.57957
-0.58085
-0.56863
-0.56122
-0.55479
-0.53097
-0.49365
-0.47723
-0.47305
-0.47241
-0.47241
-0.47949
-0.49107
-0.50426
-0.51456
-0.52550
-0.53838
-0.54867
-0.53258
-0.51617
-0.42832
-0.44055
-0.56090
-0.45310
-0.53838
-0.57184
-0.59147
-0.60595
-0.60499
-0.58472
-0.55736
-0.53484
-0.51842
-0.51617
-0.52100
-0.52196
-0.52647
-0.51682
-0.50426
-0.48946
-0.47981
-0.48528
-0.48496
-0.49397
-0.50137
-0.51456
-0.53773
-0.55897
-0.56090
-0.55897
-0.55350
-0.54352
-0.54320
-0.54803
-0.54771
-0.54932
-0.53966
-0.53097
-0.53387
-0.53773
-0.54417
-0.54674
-0.54803
-0.55157
-0.54932
-0.55994
-0.57667
-0.58793
-0.59276
-0.58665
-0.57506
-0.55640
-0.53805
-0.52229
-0.51006
-0.50137
-0.50426
-0.50426
-0.51167
-0.52389
-0.52969
-0.52615
-0.52389
-0.51488
-0.50845
-0.50748
-0.50491
-0.50974
-0.50105
-0.50266
-0.49879
-0.47884
-0.47756
-0.48914
-0.49912
-0.50877
-0.50330
-0.50008
-0.50008
-0.51585
-0.52357
-0.51102
-0.44119
-0.43669
-0.32727
-0.37908
-0.52743
-0.63620
-0.64908
-0.59083
-0.58278
-0.55382
-0.54352
-0.53998
-0.54835
-0.55511
-0.55994
-0.56058
-0.60563
-0.52904
-0.72599
-0.50298
-0.28930
-0.22044
-0.18697
-0.37168
-0.43508
-0.45374
-0.46694
-0.45857
-0.46050
-0.45921
-0.46661
-0.48463
-0.50105
-0.50716
-0.50426
-0.49493
-0.49139
-0.48528
-0.49011
-0.49976
-0.51006
-0.52454
-0.52422
-0.54771
-0.56315
-0.55093
-0.51456
-0.47208
-0.44312
-0.43218
-0.43733
-0.45439
-0.46307
-0.46629
-0.45825
-0.45599
-0.45889
-0.47402
-0.48882
-0.49847
-0.50008
-0.50266
-0.49493
-0.49204
-0.49751
-0.49107
-0.49075
-0.47981
-0.47241
-0.47241
-0.47337
-0.47916
-0.47691
-0.47305
-0.47048
-0.47273
-0.46629
-0.47691
-0.48367
-0.48110
-0.48560
-0.48914
-0.49075
-0.49654
-0.50748
-0.50748
-0.50137
-0.51295
-0.51456
-0.51521
-0.51263
-0.52035
-0.53355
-0.55286
-0.57860
-0.61561
-0.65519
-0.69091
-0.77747
-0.59662
-0.48367
-0.62977
-0.66999
-0.67450
-0.68061
-0.61239
-0.51714
-0.44827
-0.41480
-0.39099
-0.39871
-0.39904
-0.40193
-0.40869
-0.41126
-0.41673
-0.42349
-0.42124
-0.44216
-0.47241
-0.49268
-0.48335
-0.47273
-0.47273
-0.48206
-0.48142
-0.48753
-0.48431
-0.47756
-0.47788
-0.48110
-0.48753
-0.49268
-0.50298
-0.50072
-0.50491
-0.51070
-0.52100
-0.52068
-0.52261
-0.53097
-0.52229
-0.51939
-0.51521
-0.52229
-0.53065
-0.53773
-0.54900
-0.55093
-0.56251
-0.58504
-0.61336
-0.68705
-0.49107
-0.46887
-0.47208
-0.50491
-0.52196
-0.52840
-0.52840
-0.52261
-0.52293
-0.52743
-0.54320
-0.55768
-0.55865
-0.57023
-0.56702
-0.55768
-0.55286
-0.56058
-0.57506
-0.58504
-0.59244
-0.58536
-0.58665
-0.58568
-0.58568
-0.58890
-0.58182
-0.57442
-0.55350
-0.54513
-0.54739
-0.54964
-0.55479
-0.55479
-0.56155
-0.56959
-0.57474
-0.59308
-0.61368
-0.63331
-0.62945
-0.63524
-0.62076
-0.60499
-0.58214
-0.55093
-0.53451
-0.43572
-0.44344
-0.44988
-0.48431
-0.54964
-0.63653
-0.65841
-0.63170
-0.57989
-0.56959
-0.54127
-0.53484
-0.53130
-0.51488
-0.49204
-0.51263
-0.52164
-0.65326
-0.72534
-0.74562
-0.65583
-0.61561
-0.90169
-0.68383
-0.25712
-0.33339
-0.42768
-0.47852
-0.49976
-0.50877
-0.52325
-0.54256
-0.54385
-0.53033
-0.51134
-0.51070
-0.50459
-0.50780
-0.51038
-0.50555
-0.49268
-0.45889
-0.43797
-0.44441
-0.44634
-0.44956
-0.44666
-0.42446
-0.40579
-0.38938
-0.38616
-0.38101
-0.37876
-0.37490
-0.37844
-0.39292
-0.41319
-0.42221
-0.42124
-0.40869
-0.38134
-0.35430
-0.33693
-0.32792
-0.32599
-0.30314
-0.26452
-0.22365
-0.19179
-0.17731
-0.18504
-0.19405
-0.19887
-0.20274
-0.20048
-0.18504
-0.18697
-0.18632
-0.19083
-0.20274
-0.20885
-0.21979
-0.23202
-0.25970
-0.26903
-0.29284
-0.32438
-0.35817
-0.39807
-0.44763
-0.49461
-0.49365
-0.51875
-0.52647
-0.53709
-0.53998
-0.54996
-0.56798
-0.57281
-0.58568
-0.59051
-0.58890
-0.58697
-0.59469
-0.59920
-0.60145
-0.61014
-0.61883
-0.62591
-0.62945
-0.63781
-0.64682
-0.65358
-0.66420
-0.66742
-0.67675
-0.68866
-0.70056
-0.70056
-0.70764
-0.71698
-0.70957
-0.71826
-0.73081
-0.74690
-0.75398
-0.76492
-0.76396
-0.76750
-0.78230
-0.80772
-0.85085
-0.85245
-0.93677
-0.97088
-0.62044
-0.66324
-0.73982
-0.73146
-0.85503
-0.86661
-0.80547
-0.79389
-0.73468
-0.70314
-0.68898
-0.67997
-0.67675
-0.67353
-0.67546
-0.67868
-0.68383
-0.68930
-0.68608
-0.67546
-0.66999
-0.66259
-0.66356
-0.66098
-0.65390
-0.65036
-0.64425
-0.64489
-0.65390
-0.67418
-0.69155
-0.70314
-0.70024
-0.69542
-0.68512
-0.68287
-0.68093
-0.66903
-0.65937
-0.63781
-0.62591
-0.62687
-0.62687
-0.62912
-0.63299
-0.63588
-0.63299
-0.62172
-0.61818
-0.61529
-0.60949
-0.60595
-0.60016
-0.60467
-0.59759
-0.60660
-0.61400
-0.62044
-0.61368
-0.59598
-0.58343
-0.57635
-0.57860
-0.57603
-0.57667
-0.57056
-0.56702
-0.56605
-0.57474
-0.58439
-0.59759
-0.60595
-0.63073
-0.70475
-0.48206
-0.48689
-0.53258
-0.55994
-0.56412
-0.55221
-0.54610
-0.55479
-0.56476
-0.57828
-0.58053
-0.57249
-0.56283
-0.54256
-0.52583
-0.52615
-0.51360
-0.45953
-0.36332
-0.34015
-0.48592
-0.58665
-0.60885
-0.63299
-0.59373
-0.55897
-0.53484
-0.52229
-0.52357
-0.52679
-0.53484
-0.53741
-0.54256
-0.54835
-0.54706
-0.55221
-0.54449
-0.53484
-0.53677
-0.54127
-0.54288
-0.56155
-0.56251
-0.59984
-0.61593
-0.54803
-0.78906
-0.80483
-0.30957
-0.31054
-0.26098
-0.41802
-0.47627
-0.45760
-0.46307
-0.48142
-0.48077
-0.47595
-0.46887
-0.47530
-0.48817
-0.49976
-0.49847
-0.49751
-0.50362
-0.50008
-0.49944
-0.48303
-0.47530
-0.43926
-0.36557
-0.41963
-0.54352
-0.57731
-0.54031
-0.51424
-0.51714
-0.49783
-0.48270
-0.46758
-0.45760
-0.46822
-0.48110
-0.48045
-0.49622
-0.50620
-0.51231
-0.52164
-0.51682
-0.51488
-0.51424
-0.50620
-0.49493
-0.47788
-0.46340
-0.46018
-0.46726
-0.46758
-0.48077
-0.49268
-0.50298
-0.50716
-0.49075
-0.47627
-0.46468
-0.44537
-0.44731
-0.45599
-0.46082
-0.46147
-0.46307
-0.47369
-0.47434
-0.47402
-0.48077
-0.49139
-0.49493
-0.49525
-0.49011
-0.48110
-0.47466
-0.47241
-0.47241
-0.47241
-0.47273
-0.47337
-0.47337
-0.47788
-0.48721
-0.49429
-0.49525
-0.49236
-0.48399
-0.47562
-0.47241
-0.47208
-0.47176
-0.47208
-0.47305
-0.47305
-0.47595
-0.48463
-0.49332
-0.49461
-0.49204
-0.49075
-0.47788
-0.47305
-0.47176
-0.47015
-0.46179
-0.46694
-0.45567
-0.45310
-0.45535
-0.45889
-0.45760
-0.46082
-0.45664
-0.44924
-0.44280
-0.43990
-0.43733
-0.44409
-0.45117
-0.46179
-0.46790
-0.47241
-0.48882
-0.50105
-0.51424
-0.52293
-0.53097
-0.53258
-0.53065
-0.52196
-0.48721
-0.45664
-0.44151
-0.44473
-0.45374
-0.46211
-0.47466
-0.47562
-0.46790
-0.45278
-0.41995
-0.38713
-0.37490
-0.40676
-0.52904
-0.55929
-0.51682
-0.51617
-0.51971
-0.52196
-0.53226
-0.54417
-0.57345
-0.60853
-0.51617
-0.52003
-0.91360
-0.88914
-0.26935
-0.04119
-0.16863
-0.41609
-0.43282
-0.57313
-0.61142
-0.55575
-0.50169
-0.47530
-0.48721
-0.48978
-0.50845
-0.52132
-0.53194
-0.54127
-0.55801
-0.58826
-0.59823
-0.64200
-0.70893
-0.77007
-0.67868
-0.45213
-0.64071
-0.69348
-0.64618
-0.64843
-0.59469
-0.51746
-0.46372
-0.46018
-0.43636
-0.41416
-0.40225
-0.39067
-0.39292
-0.39871
-0.39775
-0.41352
-0.42446
-0.44151
-0.45245
-0.46694
-0.48238
-0.48785
-0.49493
-0.49268
-0.48721
-0.48560
-0.49171
-0.50330
-0.50330
-0.51649
-0.52035
-0.51682
-0.52003
-0.53194
-0.54127
-0.53998
-0.54127
-0.53097
-0.51810
-0.51006
-0.50877
-0.50652
-0.50909
-0.50491
-0.50555
-0.50523
-0.51006
-0.52550
-0.53097
-0.53870
-0.54127
-0.53741
-0.54031
-0.54159
-0.55093
-0.54771
-0.56380
-0.57442
-0.58472
-0.58536
-0.58890
-0.58214
-0.58182
-0.56702
-0.55994
-0.55382
-0.53130
-0.49397
-0.47337
-0.47337
-0.47273
-0.47273
-0.48270
-0.49558
-0.50684
-0.52003
-0.52615
-0.53644
-0.54610
-0.53226
-0.51746
-0.42961
-0.47048
-0.56155
-0.45503
-0.54063
-0.57538
-0.59437
-0.60660
-0.60467
-0.58246
-0.55479
-0.53291
-0.51810
-0.51682
-0.52164
-0.52229
-0.52583
-0.51649
-0.50684
-0.49204
-0.48238
-0.48657
-0.48367
-0.49139
-0.50040
-0.51585
-0.53805
-0.55929
-0.56219
-0.56026
-0.55414
-0.54642
-0.54739
-0.55028
-0.54932
-0.54739
-0.53773
-0.52808
-0.53194
-0.53805
-0.54417
-0.54771
-0.54996
-0.55189
-0.55028
-0.56380
-0.57860
-0.58729
-0.59244
-0.58472
-0.57184
-0.55575
-0.53805
-0.52261
-0.51070
-0.50201
-0.50459
-0.50555
-0.51392
-0.52711
-0.53001
-0.52808
-0.52100
-0.51360
-0.50748
-0.50780
-0.50491
-0.51070
-0.50298
-0.50137
-0.49879
-0.48142
-0.48110
-0.49139
-0.50040
-0.50845
-0.50298
-0.49719
-0.49944
-0.51585
-0.52422
-0.51167
-0.44248
-0.43669
-0.32920
-0.38198
-0.53226
-0.63653
-0.64875
-0.58922
-0.57957
-0.55254
-0.54417
-0.54031
-0.54835
-0.55543
-0.56058
-0.56090
-0.60724
-0.53258
-0.74015
-0.50426
-0.28834
-0.20306
-0.18600
-0.37361
-0.43572
-0.45439
-0.46694
-0.45857
-0.46179
-0.46211
-0.47112
-0.48753
-0.50169
-0.50620
-0.50233
-0.49365
-0.49011
-0.48528
-0.49043
-0.50008
-0.50974
-0.52357
-0.52486
-0.55028
-0.56573
-0.55189
-0.51424
-0.46887
-0.43926
-0.43025
-0.43862
-0.45374
-0.46275
-0.46597
-0.45793
-0.45599
-0.46082
-0.47659
-0.48946
-0.49719
-0.49719
-0.49815
-0.49525
-0.49043
-0.49815
-0.49043
-0.49043
-0.47981
-0.47273
-0.47273
-0.47595
-0.48045
-0.47723
-0.47144
-0.46790
-0.46983
-0.46500
-0.47788
-0.48431
-0.48238
-0.48624
-0.48785
-0.49268
-0.50072
-0.50909
-0.50813
-0.50201
-0.51102
-0.51134
-0.51424
-0.51231
-0.52132
-0.53387
-0.55350
-0.57764
-0.61625
-0.67064
-0.69445
-0.77844
-0.59759
-0.48142
-0.62719
-0.66935
-0.67900
-0.68126
-0.61239
-0.51649
-0.44795
-0.41416
-0.39324
-0.40000
-0.40161
-0.40193
-0.40740
-0.40901
-0.41480
-0.42156
-0.42221
-0.44248
-0.47337
-0.49300
-0.48270
-0.47434
-0.47627
-0.48528
-0.48206
-0.48817
-0.48303
-0.47466
-0.47691
-0.48142
-0.48882
-0.49429
-0.50330
-0.50105
-0.50491
-0.51360
-0.52422
-0.52196
-0.52293
-0.52904
-0.51939
-0.51842
-0.51456
-0.52196
-0.53130
-0.53773
-0.55060
-0.55157
-0.56412
-0.58890
-0.61496
-0.68834
-0.48914
-0.47176
-0.46951
-0.50362
-0.52164
-0.52776
-0.52872
-0.52229
-0.52454
-0.52808
-0.54513
-0.55994
-0.55801
-0.57023
-0.56444
-0.55447
-0.55189
-0.56122
-0.57635
-0.58600
-0.59244
-0.58504
-0.58761
-0.58922
-0.58922
-0.59083
-0.58246
-0.57249
-0.55125
-0.54385
-0.54835
-0.55060
-0.55414
-0.55543
-0.56251
-0.57313
-0.57699
-0.59630
-0.61657
-0.63427
-0.62848
-0.63395
-0.61657
-0.60467
-0.58182
-0.55189
-0.53580
-0.43572
-0.44409
-0.45825
-0.48817
-0.55286
-0.63717
-0.65841
-0.63073
-0.57731
-0.56895
-0.54224
-0.53580
-0.53194
-0.51456
-0.49236
-0.51295
-0.52422
-0.65616
-0.72631
-0.74562
-0.65390
-0.61400
-0.93548
-0.68480
-0.25776
-0.33339
-0.42800
-0.47820
-0.49944
-0.51392
-0.52679
-0.54610
-0.54352
-0.52969
-0.51006
-0.50941
-0.50426
-0.50780
-0.51102
-0.50652
-0.49332
-0.45953
-0.43958
-0.44731
-0.45020
-0.44956
-0.44634
-0.42221
-0.40290
-0.38842
-0.38649
-0.38101
-0.38005
-0.37490
-0.37844
-0.39389
-0.41545
-0.42575
-0.42156
-0.40772
-0.37876
-0.35109
-0.33532
-0.32663
-0.32663
-0.30346
-0.26388
-0.22333
-0.19244
-0.17860
-0.18890
-0.19566
-0.19920
-0.20113
-0.19759
-0.18214
-0.18568
-0.18858
-0.19147
-0.20306
-0.20949
-0.22011
-0.23459
-0.26227
-0.27192
-0.29445
-0.32502
-0.35720
-0.39582
-0.44602
-0.49461
-0.49429
-0.51939
-0.52679
-0.53677
-0.54031
-0.55254
-0.57152
-0.57313
-0.58568
-0.58858
-0.58632
-0.58536
-0.59501
-0.60048
-0.60081
-0.61110
-0.62076
-0.62623
-0.63138
-0.64103
-0.65133
-0.65519
-0.66259
-0.66549
-0.67546
-0.68834
-0.70024
-0.70249
-0.70829
-0.71794
-0.70990
-0.71987
-0.73435
-0.74948
-0.75495
-0.76525
-0.76235
-0.76428
-0.78037
-0.80708
-0.85181
-0.85278
-0.93677
-0.97056
-0.61915
-0.66549
-0.74304
-0.75237
-0.85471
-0.86501
-0.80354
-0.79228
-0.73435
-0.70378
-0.68866
-0.68061
-0.67739
-0.67321
-0.67739
-0.68254
-0.68640
-0.69059
-0.68544
-0.67385
-0.66838
-0.66195
-0.66388
-0.66066
-0.65455
-0.64972
-0.64489
-0.64586
-0.65744
-0.67611
-0.69091
-0.70185
-0.69702
-0.69220
-0.68319
-0.68319
-0.68061
-0.66871
-0.65873
-0.63717
-0.62591
-0.62912
-0.62977
-0.62977
-0.63234
-0.63395
-0.62912
-0.62044
-0.61883
-0.61625
-0.60949
-0.60628
-0.60048
-0.60467
-0.60016
-0.60949
-0.61561
-0.62076
-0.61175
-0.59340
-0.58021
-0.57506
-0.57892
-0.57635
-0.57635
-0.57152
-0.56702
-0.56669
-0.57892
-0.58632
-0.59855
-0.60499
-0.62784
-0.70185
-0.48206
-0.49815
-0.53323
-0.56090
-0.56444
-0.55286
-0.54674
-0.55865
-0.56766
-0.57892
-0.58053
-0.57184
-0.55865
-0.54127
-0.52550
-0.52647
-0.51328
-0.46114
-0.36235
-0.34079
-0.48721
-0.60370
-0.61110
-0.63299
-0.59276
-0.55607
-0.53258
-0.52100
-0.52389
-0.52550
-0.53451
-0.53805
-0.54127
-0.54996
-0.54964
-0.55157
-0.54513
-0.53484
-0.53451
-0.53870
-0.54159
-0.56187
-0.56702
-0.59952
-0.61722
-0.55221
-0.78970
-0.80740
-0.31376
-0.31118
-0.26130
-0.41609
-0.47337
-0.45567
-0.46340
-0.48077
-0.48077
-0.47595
-0.46983
-0.47562
-0.48946
-0.50330
-0.49686
-0.49783
-0.50266
-0.49783
-0.49686
-0.48142
-0.47530
-0.42027
-0.36589
-0.41995
-0.54352
-0.57860
-0.54352
-0.51617
-0.51295
-0.49719
-0.48045
-0.46468
-0.45599
-0.46854
-0.48142
-0.48142
-0.49590
-0.50620
-0.51167
-0.52550
-0.51939
-0.51456
-0.51488
-0.50330
-0.49236
-0.47627
-0.46372
-0.46082
-0.46887
-0.46822
-0.48238
-0.49300
-0.50459
-0.51070
-0.49236
-0.47144
-0.46372
-0.44216
-0.44570
-0.45535
-0.46147
-0.46147
-0.46629
-0.47305
-0.47466
-0.47691
-0.48463
-0.49300
-0.49558
-0.49493
-0.48850
-0.47852
-0.47337
-0.47241
-0.47208
-0.47208
-0.47305
-0.47402
-0.47402
-0.48110
-0.49043
-0.49461
-0.49558
-0.49011
-0.48142
-0.47402
-0.47144
-0.47208
-0.47144
-0.47273
-0.47337
-0.47337
-0.47820
-0.48753
-0.49429
-0.49558
-0.48978
-0.48850
-0.47530
-0.47273
-0.47176
-0.46951
-0.46050
-0.46629
-0.45599
-0.45245
-0.45921
-0.46147
-0.45760
-0.46082
-0.45342
-0.44602
-0.44151
-0.44055
-0.43830
-0.44377
-0.45085
-0.46179
-0.46822
-0.47595
-0.49107
-0.50233
-0.51488
-0.52068
-0.52776
-0.53130
-0.53097
-0.52293
-0.48721
-0.45760
-0.44312
-0.44473
-0.45632
-0.46565
-0.47562
-0.47691
-0.46661
-0.45020
-0.41834
-0.37780
-0.37490
-0.40740
-0.53033
-0.55961
-0.51778
-0.51842
-0.52196
-0.52454
-0.53323
-0.54320
-0.57184
-0.60531
-0.51521
-0.60016
-0.91456
-0.89011
-0.26613
-0.04151
-0.16927
-0.41931
-0.43797
-0.57377
-0.61078
-0.55318
-0.49912
-0.47466
-0.48689
-0.49043
-0.50941
-0.52196
-0.53226
-0.54127
-0.55897
-0.59244
-0.59984
-0.64167
-0.70764
-0.77265
-0.67804
-0.45181
-0.69445
-0.69413
-0.64650
-0.64843
-0.59533
-0.51907
-0.46629
-0.45599
-0.43572
-0.41287
-0.40000
-0.38809
-0.39099
-0.39839
-0.40000
-0.41319
-0.42478
-0.44119
-0.45342
-0.46983
-0.48528
-0.48850
-0.49525
-0.48946
-0.48463
-0.48335
-0.49171
-0.50266
-0.50266
-0.51585
-0.52035
-0.51617
-0.52100
-0.53484
-0.54385
-0.53870
-0.53934
-0.52840
-0.51617
-0.50845
-0.50877
-0.50652
-0.50974
-0.50555
-0.50523
-0.50652
-0.51263
-0.52711
-0.53226
-0.53709
-0.53773
-0.53451
-0.53805
-0.54159
-0.55060
-0.54867
-0.56412
-0.57474
-0.58632
-0.58793
-0.59115
-0.58182
-0.58182
-0.56573
-0.55736
-0.55157
-0.53194
-0.49461
-0.47112
-0.47337
-0.47402
-0.47337
-0.48399
-0.49815
-0.50813
-0.52486
-0.52357
-0.53484
-0.54449
-0.53226
-0.51682
-0.42928
-0.49719
-0.56187
-0.45406
-0.54224
-0.57860
-0.59662
-0.60756
-0.60145
-0.57989
-0.55189
-0.53162
-0.51875
-0.51649
-0.52196
-0.52261
-0.52679
-0.51682
-0.51006
-0.49429
-0.48270
-0.48721
-0.48077
-0.48753
-0.49912
-0.51617
-0.53838
-0.55929
-0.56348
-0.55961
-0.55414
-0.54739
-0.55125
-0.55125
-0.54900
-0.54449
-0.53451
-0.52679
-0.53226
-0.53805
-0.54449
-0.54739
-0.55157
-0.55157
-0.55254
-0.56605
-0.58021
-0.58922
-0.59147
-0.58150
-0.56863
-0.55350
-0.53838
-0.52196
-0.51070
-0.50233
-0.50459
-0.50587
-0.51649
-0.52808
-0.53065
-0.52711
-0.51875
-0.50974
-0.50587
-0.50716
-0.50555
-0.50974
-0.50201
-0.50040
-0.49879
-0.48303
-0.48399
-0.49300
-0.49944
-0.50620
-0.50169
-0.49590
-0.49815
-0.51682
-0.52422
-0.51199
-0.44216
-0.41352
-0.33114
-0.38713
-0.53516
-0.63781
-0.64908
-0.58729
-0.57731
-0.55221
-0.54546
-0.54031
-0.54932
-0.55640
-0.56122
-0.56315
-0.61110
-0.53580
-0.77072
-0.50459
-0.28608
-0.18793
-0.18472
-0.37393
-0.43636
-0.45471
-0.46790
-0.45986
-0.46404
-0.46500
-0.47466
-0.48946
-0.50298
-0.50491
-0.50040
-0.49365
-0.49107
-0.48657
-0.49075
-0.50201
-0.51134
-0.52454
-0.52969
-0.55479
-0.56798
-0.55382
-0.51392
-0.46758
-0.43797
-0.43057
-0.43926
-0.45535
-0.46436
-0.46726
-0.45857
-0.45793
-0.46436
-0.48110
-0.49043
-0.49879
-0.49719
-0.49654
-0.49590
-0.49236
-0.49783
-0.49236
-0.49139
-0.48045
-0.47273
-0.47337
-0.47981
-0.48174
-0.47691
-0.46983
-0.46565
-0.46854
-0.46854
-0.47756
-0.48431
-0.48496
-0.48657
-0.48850
-0.49461
-0.50362
-0.51070
-0.50813
-0.50169
-0.50813
-0.50877
-0.51295
-0.51199
-0.52068
-0.53387
-0.55350
-0.57860
-0.61786
-0.68319
-0.69606
-0.77876
-0.59759
-0.48045
-0.62365
-0.66838
-0.68447
-0.68126
-0.61239
-0.51682
-0.44891
-0.41480
-0.39550
-0.40290
-0.40290
-0.40225
-0.40612
-0.40579
-0.41255
-0.42253
-0.42446
-0.44216
-0.47402
-0.49365
-0.48367
-0.47659
-0.48013
-0.48753
-0.48270
-0.48753
-0.48206
-0.47176
-0.47562
-0.48206
-0.48817
-0.49461
-0.50459
-0.50330
-0.50716
-0.51810
-0.52711
-0.52389
-0.52325
-0.52776
-0.51714
-0.51714
-0.51585
-0.52325
-0.53194
-0.53870
-0.55254
-0.55221
-0.56734
-0.59244
-0.61722
-0.68930
-0.48850
-0.47466
-0.46887
-0.50459
-0.52261
-0.52872
-0.52872
-0.52293
-0.52615
-0.53065
-0.54964
-0.56283
-0.55865
-0.56895
-0.56155
-0.55350
-0.55028
-0.56122
-0.57603
-0.58568
-0.59244
-0.58536
-0.58793
-0.59244
-0.59147
-0.59212
-0.58278
-0.56991
-0.54867
-0.54224
-0.54900
-0.55093
-0.55286
-0.55575
-0.56187
-0.57377
-0.57957
-0.59952
-0.61754
-0.63556
-0.62719
-0.63073
-0.61175
-0.60467
-0.58278
-0.55189
-0.53644
-0.43636
-0.44505
-0.46661
-0.49139
-0.55479
-0.63781
-0.65648
-0.62752
-0.57506
-0.56283
-0.54320
-0.53484
-0.53258
-0.51424
-0.49300
-0.51392
-0.52743
-0.65873
-0.72631
-0.74562
-0.65133
-0.61046
-0.93419
-0.68383
-0.25648
-0.33339
-0.42928
-0.47852
-0.49976
-0.51971
-0.52937
-0.54578
-0.54385
-0.52679
-0.50587
-0.50716
-0.50555
-0.50748
-0.51070
-0.50587
-0.49332
-0.45953
-0.44184
-0.44891
-0.45181
-0.45020
-0.44473
-0.41931
-0.40000
-0.38649
-0.38649
-0.38037
-0.37973
-0.37393
-0.37747
-0.39389
-0.41867
-0.42768
-0.42156
-0.40772
-0.37554
-0.34755
-0.33339
-0.32534
-0.32663
-0.30346
-0.26517
-0.22462
-0.19244
-0.18053
-0.19276
-0.19598
-0.19984
-0.19920
-0.19533
-0.18182
-0.18504
-0.19115
-0.19147
-0.20306
-0.21046
-0.21979
-0.23620
-0.26613
-0.27707
-0.29445
-0.32309
-0.35366
-0.39389
-0.44505
-0.49558
-0.49461
-0.51971
-0.52776
-0.53548
-0.54159
-0.55607
-0.57442
-0.57474
-0.58568
-0.58697
-0.58407
-0.58472
-0.59533
-0.60177
-0.60241
-0.61142
-0.62076
-0.62687
-0.63459
-0.64425
-0.65326
-0.65583
-0.66098
-0.66291
-0.67418
-0.68866
-0.70153
-0.70410
-0.70990
-0.71891
-0.71054
-0.72245
-0.73854
-0.75173
-0.75656
-0.76460
-0.76042
-0.76235
-0.78069
-0.80805
-0.85213
-0.85374
-0.93838
-0.97120
-0.61754
-0.66935
-0.74626
-0.75527
-0.85439
-0.86372
-0.80097
-0.78359
-0.73661
-0.70378
-0.68962
-0.68126
-0.67772
-0.67482
-0.68093
-0.68480
-0.68769
-0.69091
-0.68351
-0.67128
-0.66774
-0.66195
-0.66484
-0.66098
-0.65551
-0.65133
-0.64521
-0.64747
-0.66130
-0.67836
-0.69252
-0.70089
-0.69477
-0.69027
-0.68126
-0.68351
-0.68222
-0.66967
-0.66002
-0.63846
-0.62816
-0.63009
-0.63266
-0.63041
-0.63266
-0.63299
-0.62687
-0.62044
-0.61915
-0.61657
-0.61078
-0.60724
-0.60113
-0.60467
-0.60370
-0.61271
-0.61690
-0.62140
-0.61014
-0.59179
-0.57860
-0.57442
-0.57892
-0.57667
-0.57731
-0.57152
-0.56830
-0.56895
-0.58278
-0.58793
-0.59855
-0.60338
-0.62591
-0.70024
-0.48045
-0.50813
-0.53258
-0.56058
-0.56509
-0.55254
-0.54867
-0.56155
-0.57088
-0.57892
-0.57892
-0.56895
-0.55575
-0.53966
-0.52647
-0.52615
-0.51392
-0.46050
-0.36106
-0.34079
-0.48946
-0.60628
-0.61110
-0.63299
-0.59051
-0.55286
-0.53001
-0.52164
-0.52454
-0.52583
-0.53484
-0.53773
-0.54159
-0.55286
-0.55254
-0.54996
-0.54417
-0.53194
-0.53065
-0.53580
-0.53998
-0.56122
-0.57410
-0.59984
-0.61690
-0.55286
-0.79067
-0.80966
-0.31472
-0.30764
-0.26002
-0.41223
-0.46887
-0.45310
-0.46243
-0.47949
-0.48013
-0.47627
-0.46822
-0.47595
-0.49139
-0.50555
-0.49590
-0.49590
-0.49912
-0.49300
-0.49365
-0.48045
-0.47466
-0.40064
-0.36492
-0.41963
-0.54352
-0.57924
-0.54449
-0.51778
-0.50652
-0.49461
-0.47723
-0.46243
-0.45439
-0.46726
-0.48077
-0.48303
-0.49622
-0.50684
-0.51424
-0.52872
-0.52196
-0.51521
-0.51456
-0.50105
-0.48946
-0.47498
-0.46372
-0.46050
-0.46822
-0.46758
-0.48142
-0.49397
-0.50845
-0.51360
-0.49300
-0.46597
-0.46114
-0.43862
-0.44312
-0.45535
-0.46082
-0.46147
-0.46951
-0.47402
-0.47434
-0.47788
-0.48721
-0.49461
-0.49558
-0.49300
-0.48528
-0.47627
-0.47208
-0.47241
-0.47305
-0.47305
-0.47369
-0.47305
-0.47595
-0.48399
-0.49268
-0.49525
-0.49525
-0.48753
-0.47884
-0.47305
-0.47273
-0.47241
-0.47208
-0.47305
-0.47305
-0.47434
-0.48013
-0.49011
-0.49493
-0.49525
-0.48850
-0.48560
-0.47434
-0.47337
-0.47208
-0.47048
-0.46147
-0.46726
-0.45567
-0.45342
-0.46307
-0.46372
-0.45825
-0.45857
-0.45181
-0.44473
-0.44248
-0.44119
-0.43862
-0.44537
-0.45213
-0.46179
-0.47144
-0.48142
-0.49397
-0.50233
-0.51456
-0.51842
-0.52583
-0.52937
-0.53097
-0.52229
-0.48753
-0.45664
-0.44280
-0.44537
-0.45953
-0.46822
-0.47691
-0.47659
-0.46468
-0.44602
-0.41738
-0.37747
-0.37522
-0.40547
-0.52904
-0.55833
-0.51714
-0.52035
-0.52229
-0.52550
-0.53291
-0.54095
-0.56830
-0.60306
-0.51392
-0.67965
-0.91392
-0.89011
-0.26581
-0.04087
-0.17023
-0.42285
-0.46822
-0.57345
-0.60982
-0.55028
-0.49525
-0.47305
-0.48753
-0.49075
-0.50941
-0.52196
-0.53097
-0.54192
-0.56315
-0.59662
-0.59952
-0.64167
-0.70571
-0.77941
-0.67643
-0.45117
-0.73854
-0.69316
-0.64682
-0.64843
-0.59469
-0.52035
-0.46951
-0.44827
-0.43636
-0.41159
-0.39678
-0.38649
-0.39163
-0.39871
-0.40258
-0.41416
-0.42414
-0.44248
-0.45471
-0.47337
-0.48817
-0.49011
-0.49493
-0.48721
-0.48174
-0.48206
-0.49204
-0.50362
-0.50362
-0.51649
-0.52035
-0.51842
-0.52454
-0.53741
-0.54481
-0.53966
-0.53709
-0.52550
-0.51456
-0.50909
-0.50909
-0.50909
-0.50941
-0.50523
-0.50587
-0.50877
-0.51682
-0.52937
-0.53484
-0.53644
-0.53516
-0.53355
-0.53805
-0.54256
-0.55125
-0.55286
-0.56412
-0.57442
-0.58826
-0.59179
-0.59373
-0.58246
-0.58182
-0.56380
-0.55382
-0.54964
-0.53258
-0.49493
-0.47273
-0.47530
-0.47434
-0.47498
-0.48657
-0.50201
-0.50909
-0.52743
-0.52164
-0.53162
-0.54288
-0.53258
-0.51746
-0.42961
-0.52743
-0.56283
-0.45535
-0.54513
-0.58182
-0.59823
-0.60789
-0.59630
-0.57828
-0.55125
-0.53194
-0.52003
-0.51810
-0.52229
-0.52389
-0.52743
-0.52035
-0.51392
-0.49751
-0.48335
-0.48624
-0.47949
-0.48560
-0.49815
-0.51682
-0.53902
-0.55994
-0.56444
-0.56122
-0.55543
-0.55254
-0.55350
-0.55286
-0.54867
-0.54224
-0.53226
-0.52615
-0.53226
-0.53902
-0.54546
-0.54803
-0.55286
-0.55254
-0.55447
-0.57023
-0.58182
-0.58922
-0.58954
-0.57764
-0.56766
-0.55414
-0.53870
-0.52293
-0.51038
-0.50233
-0.50555
-0.50748
-0.52035
-0.52937
-0.53065
-0.52615
-0.51617
-0.50716
-0.50394
-0.50780
-0.50491
-0.51070
-0.50233
-0.49912
-0.49976
-0.48528
-0.48689
-0.49332
-0.49944
-0.50394
-0.50008
-0.49397
-0.49847
-0.51585
-0.52357
-0.51134
-0.44184
-0.39002
-0.33242
-0.38874
-0.53612
-0.63749
-0.64618
-0.58311
-0.57345
-0.54996
-0.54481
-0.53902
-0.54835
-0.55575
-0.56058
-0.56380
-0.61400
-0.53709
-0.80064
-0.50394
-0.28351
-0.18536
-0.18375
-0.37329
-0.43636
-0.45439
-0.46790
-0.45857
-0.46597
-0.46758
-0.47691
-0.48914
-0.50201
-0.50233
-0.49654
-0.49268
-0.49075
-0.48657
-0.49171
-0.50137
-0.51134
-0.52518
-0.53484
-0.55704
-0.56927
-0.55318
-0.51199
-0.46533
-0.43540
-0.42896
-0.43830
-0.45535
-0.46372
-0.46694
-0.45889
-0.45953
-0.46758
-0.48174
-0.48978
-0.49751
-0.49397
-0.49365
-0.49493
-0.49236
-0.49783
-0.49300
-0.49139
-0.48077
-0.47402
-0.47530
-0.48238
-0.48174
-0.47723
-0.46758
-0.46211
-0.46758
-0.47112
-0.47852
-0.48367
-0.48560
-0.48689
-0.48946
-0.49783
-0.50716
-0.51328
-0.50813
-0.50105
-0.50523
-0.50684
-0.51263
-0.51263
-0.52100
-0.53419
-0.55479
-0.57924
-0.61979
-0.68576
-0.69896
-0.77941
-0.59662
-0.49912
-0.62172
-0.66677
-0.68898
-0.68190
-0.61239
-0.51682
-0.44891
-0.41577
-0.39807
-0.40225
-0.40225
-0.40161
-0.40258
-0.40290
-0.41094
-0.42188
-0.42768
-0.44184
-0.47337
-0.49300
-0.48303
-0.47820
-0.48206
-0.48785
-0.48270
-0.48560
-0.47981
-0.47048
-0.47595
-0.48174
-0.48721
-0.49429
-0.50362
-0.50330
-0.50845
-0.51971
-0.52872
-0.52325
-0.52196
-0.52486
-0.51488
-0.51521
-0.51488
-0.52325
-0.53162
-0.53934
-0.55221
-0.55318
-0.57056
-0.59437
-0.61754
-0.68930
-0.48528
-0.47080
-0.46661
-0.50394
-0.52229
-0.52743
-0.52904
-0.52164
-0.52615
-0.53194
-0.55157
-0.56251
-0.55865
-0.56573
-0.55865
-0.55221
-0.54996
-0.56026
-0.57506
-0.58600
-0.59147
-0.58504
-0.58793
-0.59566
-0.59340
-0.59276
-0.58053
-0.56702
-0.54546
-0.54063
-0.54771
-0.55028
-0.55286
-0.55543
-0.56219
-0.57506
-0.58278
-0.60113
-0.61754
-0.63492
-0.62462
-0.62687
-0.60917
-0.60435
-0.58246
-0.55125
-0.53516
-0.43604
-0.44409
-0.47562
-0.49365
-0.55543
-0.63781
-0.65390
-0.62462
-0.57281
-0.55672
-0.54224
-0.53451
-0.53323
-0.51456
-0.49236
-0.51617
-0.54224
-0.66034
-0.72727
-0.74336
-0.64811
-0.60756
-0.93162
-0.68415
-0.25680
-0.33307
-0.43025
-0.47852
-0.50169
-0.52261
-0.53194
-0.54578
-0.54320
-0.52422
-0.50266
-0.50491
-0.50748
-0.50780
-0.50974
-0.50587
-0.49268
-0.45921
-0.44377
-0.44924
-0.45149
-0.44988
-0.44184
-0.41641
-0.39871
-0.38649
-0.38391
-0.37941
-0.37908
-0.37426
-0.37780
-0.39582
-0.42156
-0.42928
-0.42188
-0.40612
-0.37200
-0.34529
-0.33178
-0.32631
-0.32566
-0.30346
-0.26452
-0.22269
-0.19340
-0.18407
-0.19501
-0.19598
-0.19791
-0.19566
-0.19212
-0.17892
-0.18536
-0.19244
-0.19019
-0.20338
-0.20917
-0.21979
-0.23846
-0.26871
-0.28158
-0.29381
-0.32116
-0.35012
-0.39099
-0.44409
-0.49332
-0.49590
-0.51939
-0.52679
-0.53355
-0.54288
-0.55865
-0.57442
-0.57377
-0.58246
-0.58311
-0.57989
-0.58182
-0.59437
-0.60081
-0.60113
-0.61078
-0.61979
-0.62752
-0.63717
-0.64650
-0.65519
-0.65487
-0.65776
-0.65873
-0.67160
-0.68866
-0.70089
-0.70507
-0.70893
-0.71859
-0.70957
-0.72438
-0.74111
-0.75270
-0.75817
-0.76074
-0.75656
-0.76010
-0.77941
-0.80772
-0.85149
-0.85342
-0.93741
-0.97152
-0.61754
-0.67289
-0.74787
-0.75559
-0.85181
-0.85986
-0.79807
-0.77007
-0.73468
-0.70314
-0.68866
-0.68126
-0.67804
-0.67546
-0.68383
-0.68866
-0.68801
-0.69123
-0.68093
-0.66806
-0.66581
-0.66324
-0.66549
-0.66163
-0.65583
-0.65165
-0.64554
-0.65036
-0.66420
-0.67900
-0.69252
-0.69960
-0.69284
-0.68930
-0.68254
-0.68447
-0.68190
-0.67031
-0.66163
-0.63910
-0.62977
-0.63202
-0.63492
-0.63170
-0.63170
-0.63009
-0.62494
-0.61979
-0.61818
-0.61722
-0.61110
-0.60821
-0.60241
-0.60756
-0.60692
-0.61593
-0.61625
-0.62044
-0.60885
-0.58858
-0.57796
-0.57538
-0.57924
-0.57764
-0.57699
-0.57281
-0.56863
-0.57217
-0.58665
-0.58826
-0.59920
-0.60209
-0.62269
-0.69863
-0.48142
-0.51907
-0.53355
-0.56122
-0.56541
-0.55254
-0.55093
-0.56541
-0.57506
-0.57989
-0.57892
-0.56702
-0.55479
-0.53934
-0.52615
-0.52518
-0.51456
-0.46179
-0.36074
-0.34304
-0.49397
-0.60853
-0.61239
-0.63299
-0.58793
-0.54932
-0.53033
-0.52261
-0.52486
-0.52647
-0.53548
-0.53902
-0.54288
-0.55607
-0.55672
-0.54964
-0.54546
-0.53065
-0.52808
-0.53451
-0.54127
-0.56251
-0.58150
-0.59984
-0.61625
-0.55447
-0.79324
-0.81416
-0.31762
-0.28866
-0.25905
-0.41062
-0.46790
-0.45374
-0.46404
-0.48110
-0.48110
-0.47691
-0.46983
-0.47788
-0.49525
-0.50845
-0.49783
-0.49590
-0.49783
-0.49075
-0.49268
-0.48142
-0.47498
-0.38745
-0.36589
-0.42027
-0.54513
-0.58311
-0.54964
-0.51907
-0.50362
-0.49300
-0.47466
-0.46147
-0.45599
-0.46919
-0.48077
-0.48850
-0.49751
-0.50748
-0.51682
-0.53194
-0.52357
-0.51456
-0.51199
-0.49783
-0.48624
-0.47337
-0.46436
-0.46050
-0.46758
-0.46854
-0.48110
-0.49558
-0.51263
-0.51521
-0.49332
-0.46436
-0.45793
-0.43476
-0.44184
-0.45439
-0.46179
-0.46179
-0.47241
-0.47305
-0.47434
-0.48142
-0.49043
-0.49461
-0.49558
-0.49011
-0.48174
-0.47498
-0.47305
-0.47176
-0.47208
-0.47241
-0.47337
-0.47369
-0.47820
-0.48785
-0.49365
-0.49525
-0.49236
-0.48431
-0.47562
-0.47176
-0.47144
-0.47144
-0.47208
-0.47241
-0.47369
-0.47627
-0.48367
-0.49268
-0.49429
-0.49300
-0.48399
-0.48174
-0.47241
-0.47305
-0.47208
-0.46887
-0.46114
-0.46758
-0.45535
-0.45632
-0.46468
-0.46307
-0.45599
-0.45471
-0.44602
-0.44184
-0.44119
-0.43990
-0.43733
-0.44537
-0.45117
-0.46114
-0.47176
-0.48528
-0.49429
-0.50169
-0.51134
-0.51424
-0.52229
-0.52840
-0.53001
-0.52196
-0.48753
-0.45664
-0.44184
-0.44795
-0.46179
-0.47048
-0.47627
-0.47466
-0.46179
-0.44248
-0.41513
-0.37715
-0.37554
-0.40579
-0.52969
-0.55672
-0.51842
-0.52357
-0.52454
-0.52583
-0.53258
-0.53773
-0.56444
-0.60145
-0.51360
-0.75849
-0.91360
-0.88882
-0.26613
-0.04119
-0.17249
-0.42542
-0.49719
-0.57281
-0.60628
-0.54610
-0.49268
-0.47080
-0.48689
-0.49139
-0.50813
-0.52068
-0.52904
-0.54224
-0.56509
-0.59727
-0.59855
-0.63910
-0.69992
-0.78488
-0.67353
-0.45085
-0.73693
-0.69252
-0.64554
-0.64779
-0.59437
-0.52357
-0.47112
-0.43958
-0.43572
-0.40708
-0.39260
-0.38391
-0.39002
-0.39871
-0.40547
-0.41384
-0.42414
-0.44216
-0.45664
-0.47659
-0.48882
-0.49011
-0.49204
-0.48303
-0.47916
-0.48174
-0.49139
-0.50298
-0.50394
-0.51649
-0.52068
-0.52035
-0.52872
-0.53998
-0.54578
-0.53838
-0.53419
-0.52132
-0.51392
-0.50845
-0.50909
-0.50909
-0.51006
-0.50491
-0.50652
-0.51295
-0.51875
-0.52969
-0.53709
-0.53291
-0.53097
-0.53130
-0.53741
-0.54159
-0.55028
-0.55543
-0.56380
-0.57410
-0.58954
-0.59630
-0.59501
-0.58214
-0.57699
-0.55994
-0.55157
-0.54803
-0.53194
-0.49461
-0.47241
-0.47466
-0.47337
-0.47723
-0.48914
-0.50330
-0.50909
-0.52550
-0.51778
-0.52808
-0.54159
-0.53387
-0.51682
-0.43025
-0.55575
-0.56187
-0.45632
-0.54867
-0.58536
-0.59823
-0.60724
-0.58922
-0.57345
-0.54932
-0.53226
-0.52035
-0.51649
-0.52293
-0.52518
-0.52679
-0.52261
-0.51778
-0.49847
-0.48303
-0.48335
-0.47530
-0.48367
-0.49719
-0.51746
-0.53838
-0.56026
-0.56476
-0.56090
-0.55801
-0.55511
-0.55543
-0.55318
-0.54771
-0.53773
-0.52872
-0.52357
-0.53258
-0.53838
-0.54513
-0.54867
-0.55414
-0.55479
-0.55865
-0.57313
-0.58311
-0.58922
-0.58697
-0.57281
-0.56541
-0.55382
-0.53902
-0.52229
-0.51102
-0.50201
-0.50555
-0.51102
-0.52454
-0.52872
-0.53130
-0.52293
-0.51263
-0.50491
-0.50426
-0.50748
-0.50523
-0.51102
-0.50266
-0.50105
-0.50201
-0.49075
-0.48914
-0.49429
-0.49847
-0.50137
-0.49751
-0.49300
-0.49847
-0.51617
-0.52422
-0.51328
-0.44216
-0.36846
-0.33693
-0.39228
-0.53773
-0.63653
-0.64296
-0.57989
-0.56605
-0.55125
-0.54449
-0.53870
-0.54932
-0.55640
-0.56026
-0.56830
-0.61818
-0.53838
-0.83025
-0.50105
-0.27997
-0.18278
-0.18246
-0.37329
-0.43540
-0.45503
-0.46758
-0.45953
-0.46887
-0.47176
-0.47981
-0.48978
-0.50008
-0.49879
-0.49332
-0.49139
-0.49171
-0.48624
-0.49107
-0.50201
-0.51134
-0.52647
-0.54352
-0.56058
-0.57023
-0.55254
-0.50845
-0.46082
-0.43315
-0.43122
-0.43830
-0.45439
-0.46404
-0.46694
-0.45857
-0.46211
-0.47241
-0.48335
-0.49043
-0.49397
-0.49011
-0.49011
-0.49461
-0.49268
-0.49847
-0.49268
-0.49268
-0.48077
-0.47659
-0.47756
-0.48496
-0.48270
-0.47530
-0.46468
-0.45953
-0.46565
-0.47402
-0.47820
-0.48496
-0.48528
-0.48657
-0.49139
-0.50137
-0.51070
-0.51392
-0.50813
-0.49847
-0.50169
-0.50459
-0.51263
-0.51392
-0.52229
-0.53516
-0.55479
-0.58021
-0.62269
-0.68994
-0.70056
-0.77941
-0.59373
-0.51682
-0.61979
-0.66645
-0.69027
-0.68190
-0.61432
-0.51778
-0.44988
-0.41802
-0.40322
-0.40290
-0.40354
-0.40032
-0.39968
-0.39968
-0.40965
-0.42285
